Penelope_albipennis_1_MRI-ESM2-0_ssp585_2081-2100.asc
ncols         370
nrows         575
xllcorner     -81.9
yllcorner     -7.9916666475
cellsize      0.00833333329999999
NODATA_value  -9999
[rows 56 to 83 of 575, columns 189 to 251 of 370]
1.20755E-1 1.20755E-1 1.26237E-1 1.20505E-1 1.21317E-1 1.21442E-1 1.2138E-1 1.26887E-1 1.27212E-1 1.34955E-1 5.18048E-2 5.16627E-2 5.23766E-2 5.21615E-2 4.93778E-2 5.10453E-2 5.09753E-2 5.37918E-2 6.71204E-2 6.80326E-2 3.52792E-2 8.79836E-2 3.63147E-2 4.51048E-2 1.71622E-2 1.77601E-2 2.20454E-2 8.4857E-3 8.65686E-3 9.00952E-3 9.08174E-3 8.77957E-3 9.41389E-3 9.2279E-3 9.68053E-3 8.69282E-3 4.03575E-3 4.03575E-3 1.2995E-3 9.05646E-4 1.05268E-3 4.46715E-4 5.6466E-4 2.6689E-4 2.96303E-4 3.54881E-4 3.6292E-4 3.76726E-4 3.46475E-4 3.87538E-4 4.11391E-4 5.96898E-4 3.08136E-4 3.01874E-4 2.78216E-4 2.94916E-4 3.62565E-4 3.81139E-4 3.94048E-4 2.04136E-4 6.17268E-4 2.76241E-4 3.53834E-4
1.20319E-1 1.19884E-1 1.25526E-1 1.2007E-1 1.26302E-1 1.21067E-1 1.26561E-1 1.21067E-1 1.21192E-1 1.34955E-1 5.40997E-2 5.15211E-2 5.15919E-2 4.91743E-2 5.80701E-2 4.76273E-2 6.18517E-2 6.63092E-2 6.74839E-2 8.72891E-2 3.53578E-2 8.752E-2 1.06473E-1 4.37334E-2 1.62263E-2 1.70026E-2 1.72694E-2 7.60334E-3 8.38462E-3 8.4857E-3 8.10546E-3 8.2032E-3 9.04555E-3 9.2279E-3 9.15453E-3 3.53939E-3 3.82657E-3 1.47576E-3 1.18184E-3 1.06484E-3 1.11039E-3 5.42646E-4 5.39073E-4 3.88752E-4 4.1889E-4 1.77228E-4 1.73699E-4 3.71567E-4 4.20884E-4 3.79549E-4 3.96316E-4 4.88667E-4 5.92458E-4 2.36481E-4 2.85254E-4 3.68654E-4 3.59559E-4 3.9078E-4 1.61561E-4 1.70718E-4 2.66273E-4 3.33574E-4 4.03578E-4
1.25784E-1 1.19389E-1 1.13232E-1 1.1928E-1 1.19157E-1 1.20132E-1 1.20443E-1 1.20692E-1 1.26561E-1 1.26756E-1 1.21192E-1 4.80728E-2 5.12388E-2 5.13092E-2 4.90391E-2 6.16839E-2 6.92545E-2 8.11118E-2 3.19911E-2 1.19716E-2 1.50029E-2 1.48168E-2 1.50969E-2 1.12594E-1 1.50969E-2 1.91049E-2 1.66359E-2 7.30532E-3 7.42311E-3 7.7259E-3 7.85042E-3 7.78791E-3 8.45187E-3 8.79625E-3 9.04555E-3 9.08174E-3 3.71637E-3 1.7483E-3 1.8761E-3 1.55523E-3 5.87696E-4 6.23692E-4 2.6689E-4 1.27797E-4 2.09402E-4 2.18306E-4 1.76617E-4 2.61765E-4 5.07287E-4 9.50939E-4 9.2524E-4 4.81424E-4 4.77844E-4 3.52356E-4 3.79777E-4 3.49132E-4 4.94922E-4 3.8262E-4 1.92774E-4 2.93941E-4 3.45962E-4 1.80112E-3 9.50211E-3
1.1282E-1 1.12938E-1 1.18235E-1 1.36447E-1 1.18481E-1 1.1335E-1 1.19822E-1 1.20194E-1 1.20755E-1 1.20692E-1 1.20692E-1 1.33658E-1 5.11685E-2 1.54081E-1 1.47339E-1 5.76754E-2 7.07918E-2 7.53357E-2 9.39734E-2 9.83127E-2 1.05376E-1 1.26478E-1 4.83091E-2 4.98541E-2 1.81213E-2 1.51441E-2 1.91049E-2 1.94644E-2 1.94644E-2 7.64832E-3 7.96022E-3 7.75684E-3 8.12086E-3 8.45187E-3 8.58799E-3 8.7612E-3 3.64466E-3 2.04698E-3 1.55558E-3 8.42012E-4 7.06466E-4 6.07429E-4 3.17641E-4 4.82008E-4 3.37475E-4 3.31179E-4 3.16848E-4 3.19498E-4 5.04091E-4 8.60416E-4 4.12038E-4 4.60334E-4 6.8658E-4 2.1116E-4 2.35774E-4 2.03642E-4 2.02124E-4 1.54108E-4 1.98162E-4 1.82668E-4 5.96458E-4 4.91077E-3 1.31427E-1
1.12292E-1 1.17442E-1 1.36032E-1 1.35894E-1 1.17868E-1 1.1282E-1 1.18419E-1 1.13291E-1 1.19636E-1 1.20132E-1 1.2007E-1 1.33658E-1 1.60778E-1 1.60541E-1 1.66219E-1 1.76646E-1 2.09832E-1 8.48778E-2 1.03952E-1 9.95205E-2 1.12212E-1 1.34255E-1 1.14541E-1 1.13517E-1 1.77308E-2 1.8065E-2 1.8065E-2 1.91049E-2 1.89865E-2 8.5416E-3 9.1224E-3 9.45603E-3 7.6338E-3 8.12086E-3 9.74423E-3 9.90095E-3 5.12067E-3 2.40573E-3 1.50509E-3 1.17718E-3 8.3647E-4 1.06998E-3 1.33111E-3 5.68355E-3 2.21741E-2 2.24944E-2 7.14182E-3 1.98659E-3 1.02029E-3 9.14511E-4 8.90174E-4 5.38508E-4 5.1411E-4 3.76017E-4 2.21087E-4 3.25876E-4 2.13216E-4 1.85501E-4 2.2324E-4 5.56105E-4 1.37908E-3 1.10168E-2 1.48154E-1
2.47482E-1 9.66203E-2 1.17563E-1 1.17807E-1 9.71857E-2 1.17991E-1 1.18174E-1 1.18481E-1 1.18788E-1 1.03931E-1 1.25333E-1 1.25397E-1 1.20256E-1 1.44604E-1 1.3889E-1 1.84086E-1 6.90968E-2 8.5103E-2 8.49903E-2 1.03682E-1 1.05016E-1 1.05425E-1 1.18036E-1 1.3375E-1 1.81853E-2 1.88767E-2 1.86434E-2 1.86356E-2 2.00245E-2 6.8799E-3 7.00418E-3 9.1224E-3 9.3435E-3 9.64657E-3 1.15494E-2 5.62507E-3 2.80565E-3 2.82178E-3 1.19466E-3 1.21788E-3 6.06191E-4 1.66294E-3 6.89766E-3 4.4173E-2 1.28819E-1 1.26539E-1 1.97874E-2 4.53327E-3 1.17424E-3 1.03328E-3 1.30432E-3 6.32457E-4 6.32457E-4 7.63829E-4 4.8719E-4 2.65497E-4 3.01425E-4 2.61294E-4 3.15594E-4 7.91493E-4 1.62221E-3 1.06991E-2 1.16533E-1
2.18348E-1 2.18348E-1 1.01737E-1 1.0163E-1 1.0163E-1 1.01415E-1 1.0163E-1 1.02221E-1 1.02113E-1 1.02816E-1 1.08362E-1 1.03167E-1 1.25268E-1 1.44096E-1 1.38049E-1 1.52857E-1 1.54005E-1 7.27401E-2 8.82198E-2 1.22405E-1 1.30126E-1 1.32937E-1 1.17285E-1 1.17585E-1 4.92213E-2 1.75661E-2 1.75115E-2 1.91128E-2 1.86937E-2 7.03226E-3 8.73043E-3 1.06003E-2 1.4035E-2 1.12084E-2 1.17571E-2 5.33214E-3 2.71078E-3 2.82178E-3 1.39969E-3 1.44584E-3 1.87995E-3 7.92862E-3 4.91572E-2 1.20034E-1 1.2342E-1 1.26539E-1 1.7699E-2 1.67395E-3 6.5376E-4 1.22101E-3 6.05448E-4 7.24945E-4 6.27753E-4 7.13083E-4 4.8719E-4 5.1051E-4 5.41145E-4 6.62268E-4 6.5789E-4 6.52436E-4 1.78087E-3 8.69834E-3 1.10831E-1
1.98287E-1 8.22107E-2 1.00498E-1 1.00285E-1 9.57783E-2 8.68926E-2 1.05878E-1 1.06212E-1 1.01469E-1 8.79706E-2 8.40105E-2 1.02275E-1 1.02437E-1 1.30543E-1 1.25655E-1 1.51511E-1 1.52629E-1 5.85632E-2 9.24918E-2 1.06432E-1 1.35664E-1 1.15032E-1 1.0279E-1 9.7418E-2 4.04461E-2 1.8413E-2 1.84703E-2 1.91128E-2 1.87015E-2 8.28867E-3 1.08296E-2 1.62343E-2 1.97729E-2 1.4035E-2 1.37388E-2 8.35609E-3 4.84691E-3 1.94832E-3 3.71046E-3 3.51808E-3 5.63342E-3 1.17844E-1 1.11728E-1 1.20034E-1 1.23764E-1 1.06747E-1 1.63298E-2 6.54396E-3 1.95332E-3 1.42193E-3 7.20379E-4 9.42621E-4 9.41542E-4 1.14117E-3 1.31431E-3 2.13012E-3 7.27345E-3 3.08173E-3 5.7875E-3 5.62443E-3 1.56968E-2 3.72234E-2 1.04499E-1
2.44333E-1 1.00551E-1 8.20778E-2 8.2255E-2 8.6335E-2 8.60142E-2 8.67529E-2 9.09884E-2 8.70326E-2 7.48861E-2 8.73599E-2 8.78764E-2 1.02545E-1 1.29466E-1 1.31078E-1 1.5225E-1 1.51738E-1 6.18311E-2 7.24477E-2 8.86867E-2 8.85697E-2 8.91558E-2 9.53809E-2 1.01331E-1 5.04603E-2 5.15777E-2 2.26685E-2 2.25286E-2 2.34536E-2 2.43404E-2 1.30143E-2 1.98018E-2 2.16197E-2 1.42032E-2 1.7365E-2 9.90772E-3 1.31574E-2 1.36092E-2 9.07058E-3 1.16745E-2 1.54137E-2 1.16859E-1 1.13629E-1 1.15557E-1 9.89745E-2 1.15969E-1 4.93359E-2 1.57133E-2 7.69927E-3 2.4463E-3 1.14555E-3 4.90766E-4 1.32E-3 1.19096E-3 2.94281E-3 1.70257E-2 1.80449E-2 4.53612E-2 1.02347E-1 8.36069E-2 8.4338E-2 8.2641E-2 2.23889E-1
8.20778E-2 8.60604E-2 8.64771E-2 8.6338E-2 8.64307E-2 8.64771E-2 9.1183E-2 9.13779E-2 9.08913E-2 6.04569E-2 9.1671E-2 1.06603E-1 1.294E-1 1.29931E-1 1.08135E-1 1.03385E-1 1.03931E-1 1.39492E-1 6.51544E-2 7.60197E-2 7.65297E-2 9.82812E-2 1.14005E-1 1.19362E-1 4.91997E-2 4.97424E-2 6.11592E-2 2.38093E-2 2.30935E-2 1.07549E-2 1.65764E-2 8.60936E-3 2.0702E-2 1.62343E-2 2.0599E-2 2.58537E-2 2.68879E-2 2.3026E-2 2.26427E-2 1.15622E-2 4.44503E-2 1.28948E-1 1.12043E-1 1.31098E-1 1.35861E-1 1.37356E-1 4.01108E-2 3.85646E-2 4.67285E-2 1.86449E-2 2.26871E-2 6.70893E-3 5.92311E-3 1.2258E-2 1.28023E-2 1.63048E-2 1.63834E-2 4.12779E-2 9.5223E-2 7.9278E-2 8.02079E-2 7.53456E-2 2.15695E-1
8.58296E-2 9.02788E-2 9.07624E-2 7.02617E-2 8.62454E-2 9.02788E-2 1.10992E-1 1.10702E-1 7.42375E-2 7.43183E-2 9.1183E-2 1.11108E-1 1.0638E-1 1.06771E-1 8.82164E-2 8.86901E-2 1.08248E-1 1.45485E-1 7.84561E-2 7.5009E-2 9.17653E-2 9.12838E-2 1.18301E-1 1.18906E-1 4.81313E-2 1.18755E-1 5.95189E-2 2.12409E-2 2.76569E-2 1.56196E-2 2.98295E-2 2.43042E-2 1.548E-2 1.67083E-2 2.01965E-2 2.0599E-2 2.56515E-2 2.77728E-2 2.85444E-2 4.26056E-2 1.03341E-1 2.85719E-1 2.48029E-1 2.51055E-1 1.19686E-1 1.23064E-1 1.08746E-1 1.07524E-1 1.07524E-1 1.10602E-1 1.25826E-1 1.15089E-1 9.09941E-2 8.60357E-2 9.47301E-2 9.55483E-2 1.21702E-1 1.21363E-1 1.17608E-1 7.9047E-2 7.97417E-2 8.02079E-2 9.72038E-2
1.05161E-1 1.05216E-1 1.10318E-1 8.58757E-2 8.99416E-2 1.10241E-1 1.10471E-1 8.59219E-2 1.80848E-1 7.41972E-2 1.05934E-1 1.11224E-1 1.06101E-1 9.12804E-2 1.07176E-1 1.07739E-1 1.3081E-1 7.66913E-2 9.44068E-2 9.54017E-2 1.10194E-1 1.39949E-1 1.40472E-1 5.79873E-2 1.33808E-1 4.75008E-2 5.57408E-2 2.52911E-2 3.46736E-2 1.84615E-2 2.34591E-2 2.37376E-2 1.65764E-2 1.67746E-2 2.00377E-2 2.03566E-2 2.08442E-2 2.7341E-2 2.74483E-2 1.07787E-1 1.19352E-1 2.70363E-1 2.5409E-1 2.38198E-1 2.68847E-1 1.2002E-1 1.04818E-1 8.93621E-2 1.12444E-1 1.08746E-1 1.23064E-1 1.07487E-1 8.40635E-2 2.11431E-1 8.85599E-2 9.33803E-2 1.20353E-1 1.20689E-1 1.16952E-1 9.5223E-2 7.55666E-2 5.85125E-2 7.41589E-2
1.88824E-1 8.61066E-2 1.0505E-1 8.5968E-2 8.58757E-2 1.10529E-1 9.04071E-2 8.54157E-2 9.01659E-2 7.40359E-2 1.05656E-1 1.28345E-1 1.05767E-1 1.06212E-1 1.2948E-1 1.29944E-1 1.31177E-1 7.24639E-2 9.40362E-2 1.09064E-1 1.09204E-1 1.31237E-1 1.66956E-1 5.79873E-2 5.51366E-2 5.84937E-2 7.03404E-2 3.02188E-2 4.06536E-2 5.15527E-2 5.20194E-2 5.3124E-2 4.45267E-2 4.60332E-2 1.9338E-2 4.5224E-2 2.0117E-2 2.18768E-2 3.50206E-2 8.907E-2 9.81751E-2 2.41206E-1 2.43325E-1 2.18964E-1 2.29786E-1 1.13763E-1 1.00729E-1 1.05713E-1 1.03048E-1 1.04818E-1 1.2002E-1 2.51069E-1 2.51938E-1 2.53682E-1 1.16712E-1 1.18025E-1 1.19018E-1 1.19018E-1 1.16625E-1 9.32723E-2 5.79911E-2 5.76459E-2 7.1058E-2
1.10261E-1 1.57559E-1 8.55075E-2 1.04609E-1 1.10645E-1 8.57375E-2 8.95577E-2 1.81333E-1 6.97264E-2 8.65205E-2 9.08428E-2 1.10934E-1 1.28214E-1 1.06045E-1 1.22749E-1 1.3011E-1 1.30442E-1 7.16893E-2 9.36668E-2 1.13591E-1 1.30086E-1 1.38733E-1 6.85507E-2 8.05333E-2 6.66378E-2 6.66378E-2 8.45797E-2 3.83707E-2 4.6132E-2 4.12759E-2 4.04237E-2 4.2937E-2 4.45267E-2 4.49328E-2 4.4276E-2 4.49511E-2 2.0117E-2 2.12815E-2 2.62898E-2 9.93028E-2 9.59538E-2 4.22873E-1 2.0623E-1 2.0623E-1 2.33209E-1 2.63886E-1 1.12176E-1 9.84561E-2 2.38617E-1 2.41565E-1 2.4072E-1 2.68847E-1 2.59196E-1 2.62306E-1 1.14767E-1 1.15736E-1 8.90727E-2 8.85599E-2 9.08886E-2 8.79132E-2 7.21107E-2 7.04331E-2 6.83868E-2
1.10395E-1 1.34105E-1 1.33883E-1 1.08771E-1 1.10125E-1 1.1001E-1 8.53698E-2 8.46388E-2 8.12847E-2 1.056E-1 1.05213E-1 1.54273E-1 1.2782E-1 1.70065E-1 7.31794E-2 7.4566E-2 7.14969E-2 5.81786E-2 1.01121E-1 1.43356E-1 6.72362E-2 6.68033E-2 8.26346E-2 8.29852E-2 9.02924E-2 7.90086E-2 1.02879E-1 4.86876E-2 1.2619E-1 1.05681E-1 1.06997E-1 1.12672E-1 4.34608E-2 1.5744E-2 1.65764E-2 2.04584E-2 2.02975E-2 2.11143E-2 3.38158E-2 1.02134E-1 2.03224E-1 4.22167E-1 2.27076E-1 2.55018E-1 2.21719E-1 4.59998E-1 2.22916E-1 2.2775E-1 2.36527E-1 2.41142E-1 2.41142E-1 2.58753E-1 2.48474E-1 2.49337E-1 1.16997E-1 1.14767E-1 1.09943E-1 8.85599E-2 7.00194E-2 6.78496E-2 6.6264E-2 1.63522E-1 1.30108E-1
1.89661E-1 2.16706E-1 2.25398E-1 1.54742E-1 2.55149E-1 1.60272E-1 1.33631E-1 1.04716E-1 1.04441E-1 1.27297E-1 1.27886E-1 7.32452E-2 1.62094E-1 6.32403E-2 7.40681E-2 9.06347E-2 8.69663E-2 9.12331E-2 8.6165E-2 9.95532E-2 1.77896E-1 8.19375E-2 1.62967E-1 8.12457E-2 1.01187E-1 1.01397E-1 1.22918E-1 1.23667E-1 1.03734E-1 1.00793E-1 1.09481E-1 1.07218E-1 4.2807E-2 1.56817E-2 5.39265E-2 2.62031E-2 5.53999E-2 2.6827E-2 8.69671E-2 9.45884E-2 2.08494E-1 4.18991E-1 2.27076E-1 2.57216E-1 2.46553E-1 2.22516E-1 4.13746E-1 4.59279E-1 2.33622E-1 2.30195E-1 2.66134E-1 2.55667E-1 2.4547E-1 2.47184E-1 2.71578E-1 1.11902E-1 8.05844E-2 6.67896E-2 6.75838E-2 6.45214E-2 6.87916E-2 1.28033E-1 1.29067E-1
2.9816E-1 1.25614E-1 1.03732E-1 2.65394E-1 2.55409E-1 2.55149E-1 1.92206E-1 1.27232E-1 1.26841E-1 1.27297E-1 1.53508E-1 1.93028E-1 9.40349E-2 7.71051E-2 7.38697E-2 8.70813E-2 1.1128E-1 1.09998E-1 9.90353E-2 2.20432E-1 1.27487E-1 1.27809E-1 1.52515E-1 1.8115E-1 2.63872E-1 1.20697E-1 1.42849E-1 1.01608E-1 1.07251E-1 1.04812E-1 1.10839E-1 4.72602E-2 2.37523E-2 1.89795E-2 7.95406E-2 3.63548E-2 3.63548E-2 9.67442E-2 9.56424E-2 1.88631E-1 4.66084E-1 4.5138E-1 2.51092E-1 2.44411E-1 2.47412E-1 2.40303E-1 4.60358E-1 4.45578E-1 4.59998E-1 2.24921E-1 2.34234E-1 2.46326E-1 2.34234E-1 2.65233E-1 2.57869E-1 2.41768E-1 8.33345E-2 8.38198E-2 8.035E-2 6.35718E-2 1.55401E-1 2.83777E-1 2.73602E-1
1.45664E-1 1.51766E-1 1.83162E-1 1.51464E-1 1.52595E-1 2.97932E-1 1.52671E-1 1.32547E-1 1.82899E-1 1.82987E-1 1.83602E-1 2.17349E-1 1.14467E-1 1.13444E-1 1.08723E-1 8.94486E-2 1.04407E-1 1.25767E-1 1.03732E-1 9.89062E-2 1.18835E-1 1.19901E-1 1.36893E-1 1.79226E-1 2.1177E-1 2.47643E-1 2.48183E-1 2.50079E-1 1.20942E-1 1.23417E-1 1.3062E-1 5.95108E-2 2.74762E-2 7.63532E-2 8.92994E-2 1.03092E-1 9.03354E-2 2.30804E-1 2.19867E-1 4.4923E-1 3.96305E-1 4.48514E-1 4.73668E-1 4.49603E-1 4.51036E-1 2.44416E-1 4.44148E-1 4.43076E-1 4.54609E-1 4.80891E-1 2.32171E-1 2.34648E-1 2.35063E-1 2.53477E-1 2.55228E-1 1.95036E-1 1.96125E-1 1.02429E-1 8.33345E-2 6.30084E-2 1.55098E-1 2.74177E-1 2.73602E-1
1.82987E-1 1.81591E-1 1.82987E-1 1.82987E-1 1.8369E-1 1.8246E-1 1.83514E-1 1.52215E-1 2.1665E-1 2.28334E-1 2.78654E-1 2.78654E-1 1.07884E-1 1.13881E-1 1.08864E-1 1.03329E-1 1.04272E-1 1.25132E-1 1.57371E-1 1.19596E-1 1.87796E-1 1.50654E-1 1.50654E-1 1.70269E-1 2.4576E-1 2.46835E-1 2.90553E-1 2.92047E-1 1.21433E-1 1.52774E-1 7.47448E-2 6.9942E-2 8.62554E-2 1.00486E-1 1.00772E-1 2.44638E-1 2.18288E-1 2.55165E-1 4.94889E-1 3.93538E-1 4.29547E-1 4.82155E-1 4.56098E-1 4.46023E-1 4.6149E-1 4.25474E-1 3.91741E-1 4.04647E-1 4.03253E-1 3.96235E-1 4.81253E-1 2.46553E-1 2.46553E-1 2.59871E-1 2.25324E-1 2.26535E-1 2.54351E-1 7.93114E-2 1.88217E-1 6.22643E-2 1.22857E-1 3.28897E-1 2.63013E-1
2.27404E-1 2.3662E-1 2.27301E-1 2.66082E-1 2.37045E-1 2.17049E-1 2.16551E-1 1.52367E-1 1.82373E-1 2.66312E-1 3.21224E-1 3.22506E-1 1.09145E-1 1.14614E-1 1.03732E-1 1.03867E-1 1.38143E-1 1.56987E-1 8.72987E-2 2.29313E-1 7.78661E-2 2.21575E-1 2.55523E-1 2.1034E-1 2.98345E-1 3.00166E-1 1.47185E-1 1.42567E-1 1.78313E-1 1.53073E-1 8.02139E-2 9.82177E-2 9.32451E-2 2.37878E-1 2.31445E-1 4.77819E-1 4.66816E-1 2.31856E-1 4.67536E-1 3.92502E-1 4.29547E-1 4.42092E-1 4.28129E-1 3.8281E-1 3.95959E-1 6.15255E-1 4.00469E-1 3.54487E-1 4.02556E-1 3.79908E-1 4.0779E-1 3.93813E-1 4.42719E-1 2.22916E-1 2.62097E-1 2.43265E-1 2.54789E-1 2.53477E-1 2.4668E-1 1.95761E-1 3.27939E-1 3.39421E-1 2.70448E-1
2.54882E-1 3.08929E-1 3.2008E-1 3.21232E-1 2.66886E-1 2.54659E-1 2.16451E-1 2.15754E-1 2.15754E-1 2.16451E-1 2.08123E-1 3.08678E-1 1.62424E-1 1.72872E-1 1.57556E-1 1.31663E-1 1.9465E-1 2.30338E-1 1.11466E-1 1.07909E-1 1.02911E-1 1.01429E-1 2.58009E-1 2.97739E-1 1.45742E-1 1.40046E-1 1.67377E-1 6.70844E-2 7.72272E-2 7.56616E-2 9.16856E-2 2.30839E-1 2.23737E-1 4.70961E-1 4.62134E-1 4.61415E-1 4.48567E-1 4.65375E-1 4.36386E-1 3.98202E-1 6.44586E-1 6.76481E-1 6.4499E-1 4.61774E-1 4.18861E-1 4.56098E-1 4.57894E-1 4.34165E-1 4.60411E-1 4.75112E-1 2.36531E-1 2.37366E-1 2.49567E-1 2.61205E-1 2.44968E-1 9.63603E-2 1.01847E-1 1.93951E-1 4.46708E-1 4.59653E-1 3.96547E-1 3.98627E-1 3.37476E-1
2.54993E-1 2.96408E-1 2.96653E-1 2.97512E-1 1.60733E-1 2.97635E-1 2.55328E-1 2.54213E-1 2.54882E-1 2.5399E-1 2.44235E-1 2.96408E-1 4.17024E-1 4.52513E-1 2.48887E-1 2.5133E-1 1.10328E-1 2.80191E-1 1.34266E-1 1.35343E-1 1.53363E-1 1.52466E-1 1.44882E-1 1.46606E-1 1.75958E-1 1.96672E-1 7.26173E-2 1.9401E-1 1.90783E-1 1.92571E-1 2.19754E-1 4.53869E-1 4.16474E-1 4.18234E-1 4.571E-1 4.32118E-1 4.33895E-1 4.44631E-1 4.57819E-1 6.68655E-1 6.36539E-1 7.05109E-1 4.10778E-1 4.12882E-1 4.171E-1 4.20271E-1 4.34576E-1 4.2088E-1 2.13052E-1 2.25653E-1 2.20101E-1 2.2449E-1 2.25294E-1 2.35894E-1 1.036E-1 7.80398E-2 7.75851E-2 1.8611E-1 1.84022E-1 3.2571E-1 3.23171E-1 3.36183E-1 3.24439E-1
2.96531E-1 3.07934E-1 3.41167E-1 3.41563E-1 3.54096E-1 3.41563E-1 2.96041E-1 3.40639E-1 2.96286E-1 2.85049E-1 2.85049E-1 2.8457E-1 3.28894E-1 4.58346E-1 4.75188E-1 2.77571E-1 3.34953E-1 3.22803E-1 3.17761E-1 3.08631E-1 3.08322E-1 3.53006E-1 1.7864E-1 1.95217E-1 2.22745E-1 2.13876E-1 4.61953E-1 4.12259E-1 4.10506E-1 4.47418E-1 4.3785E-1 4.37137E-1 6.77497E-1 4.49925E-1 4.40345E-1 4.1653E-1 4.41416E-1 6.74936E-1 6.66884E-1 6.0959E-1 6.44287E-1 6.57086E-1 6.64131E-1 7.05841E-1 4.38532E-1 4.28539E-1 4.29603E-1 4.54303E-1 4.59332E-1 2.16165E-1 1.86836E-1 1.89303E-1 1.91795E-1 1.9359E-1 1.95761E-1 1.88217E-1 1.8681E-1 1.78454E-1 1.51504E-1 1.20636E-1 1.18933E-1 3.36829E-1 5.05706E-2
3.41035E-1 3.41828E-1 3.8919E-1 4.01696E-1 3.88631E-1 4.01837E-1 3.41828E-1 4.71653E-1 4.01555E-1 4.44993E-1 3.41431E-1 3.28505E-1 3.27987E-1 4.44123E-1 4.96575E-1 5.89796E-1 5.89086E-1 3.6477E-1 6.35783E-1 5.11183E-1 5.18851E-1 3.52675E-1 3.77421E-1 4.13311E-1 4.11557E-1 4.4277E-1 6.82546E-1 6.76212E-1 6.43264E-1 4.32867E-1 4.32157E-1 6.90572E-1 6.63745E-1 6.52723E-1 6.95199E-1 6.95946E-1 6.20495E-1 5.73048E-1 6.21186E-1 5.61164E-1 5.61887E-1 6.54585E-1 6.98285E-1 7.04987E-1 4.34259E-1 4.14287E-1 3.7075E-1 4.21683E-1 3.72102E-1 1.75515E-1 1.78541E-1 1.80923E-1 3.9447E-1 4.71103E-1 3.9724E-1 1.57E-1 1.50911E-1 1.58534E-1 1.51504E-1 1.2624E-1 1.48853E-1 1.14735E-1 4.59541E-2
3.41299E-1 3.88492E-1 3.88771E-1 3.88771E-1 3.88911E-1 3.89469E-1 3.8919E-1 3.88631E-1 4.58492E-1 5.23694E-1 5.23401E-1 5.07558E-1 3.7411E-1 4.42963E-1 4.82409E-1 5.73934E-1 5.4426E-1 5.60884E-1 6.08658E-1 5.31044E-1 4.81382E-1 5.81347E-1 6.43395E-1 6.18972E-1 6.62432E-1 6.50189E-1 6.48985E-1 5.74564E-1 6.49921E-1 6.82085E-1 6.81447E-1 6.81192E-1 6.6217E-1 7.9025E-1 7.7157E-1 7.71185E-1 5.43361E-1 5.91188E-1 6.64531E-1 6.72473E-1 6.54186E-1 6.69689E-1 6.58908E-1 3.48526E-1 3.52481E-1 3.55792E-1 3.57453E-1 3.74473E-1 3.75151E-1 1.79219E-1 3.80596E-1 3.9447E-1 3.92052E-1 7.36363E-1 0E0 4.11565E-1 3.39096E-1 1.50616E-1 1.1966E-1 1.47107E-1 1.17969E-1 1.20881E-1 9.57464E-2
3.1492E-1 3.27572E-1 3.75211E-1 4.56596E-1 4.56888E-1 5.07704E-1 5.08145E-1 5.0697E-1 5.07117E-1 5.20479E-1 5.07264E-1 5.0697E-1 5.0697E-1 4.93345E-1 4.80063E-1 4.80063E-1 4.65095E-1 5.30166E-1 6.08938E-1 6.09916E-1 5.30458E-1 4.66264E-1 4.52266E-1 5.02417E-1 5.01977E-1 7.82672E-1 5.37817E-1 4.88514E-1 5.24885E-1 5.25471E-1 7.82022E-1 7.72531E-1 7.81882E-1 7.81463E-1 8.12475E-1 6.11483E-1 6.59989E-1 6.6165E-1 6.60729E-1 6.49807E-1 6.73948E-1 6.85278E-1 6.86164E-1 6.59567E-1 3.49184E-1 3.49184E-1 3.55792E-1 3.57453E-1 3.60785E-1 3.6346E-1 7.02368E-1 7.14157E-1 7.13677E-1 0E0 7.15115E-1 3.35537E-1 3.12821E-1 1.42973E-1 1.41285E-1 1.17729E-1 1.19175E-1 1.00364E-1 1.2236E-1
5.20985E-1 3.1416E-1 3.8654E-1 3.74385E-1 5.06823E-1 5.06677E-1 4.91405E-1 4.28234E-1 4.92139E-1 4.92286E-1 4.78672E-1 4.92757E-1 4.9217E-1 4.7706E-1 6.76966E-1 4.50079E-1 4.6378E-1 5.79773E-1 6.30496E-1 6.43395E-1 6.43664E-1 5.16504E-1 6.76906E-1 6.52674E-1 6.96391E-1 6.84531E-1 7.36633E-1 7.62857E-1 5.73127E-1 5.73702E-1 7.72722E-1 8.04578E-1 6.80426E-1 6.09807E-1 6.10506E-1 6.38188E-1 6.59593E-1 6.08112E-1 3.41004E-1 3.32929E-1 5.977E-1 6.74593E-1 6.85658E-1 6.74077E-1 6.92391E-1 6.58908E-1 5.98124E-1 3.39066E-1 2.98687E-1 3.13434E-1 6.42488E-1 5.66399E-1 6.31269E-1 7.02614E-1 6.33181E-1 3.09718E-1 2.67601E-1 2.5827E-1 1.18691E-1 1.14501E-1 1.20391E-1 1.33878E-1 1.29326E-1
5.08806E-1 6.07666E-1 6.99153E-1 6.98464E-1 7.3883E-1 6.87862E-1 6.88155E-1 5.59325E-1 6.8874E-1 6.30362E-1 6.99784E-1 6.88857E-1 6.31513E-1 6.31576E-1 4.85841E-1 6.53478E-1 7.18776E-1 6.43125E-1 6.74498E-1 6.48598E-1 6.02733E-1 6.02029E-1 6.65476E-1 6.53293E-1 7.82234E-1 7.73112E-1 7.96262E-1 6.20534E-1 6.2081E-1 5.86922E-1 5.73702E-1 6.35879E-1 6.4408E-1 6.68971E-1 6.33739E-1 6.69101E-1 6.38324E-1 6.47933E-1 3.29722E-1 3.35829E-1 3.34216E-1 5.95863E-1 3.34861E-1 5.96994E-1 6.57851E-1 6.56527E-1 5.97135E-1 2.95663E-1 5.50316E-1 5.50461E-1 5.64811E-1 5.51769E-1 3.14681E-1 6.32089E-1 5.82668E-1 3.22855E-1 2.68738E-1 1.1966E-1 1.26495E-1 1.20636E-1 9.57464E-2 1.21373E-1 1.29067E-1
