Penelope_albipennis_1_MRI-ESM2-0_ssp585_2081-2100.asc
ncols         370
nrows         575
xllcorner     -81.9
yllcorner     -7.9916666475
cellsize      0.00833333329999999
NODATA_value  -9999
[rows 112 to 139 of 575, columns 252 to 314 of 370]
1.66642E-2 1.81727E-2 4.09127E-3 3.65648E-3 4.18263E-3 5.52423E-3 6.05434E-3 6.26771E-3 9.85831E-3 1.34237E-2 1.00772E-2 1.64853E-1 3.51617E-1 0E0 3.72395E-1 0E0 0E0 0E0 0E0 0E0 0E0 3.73781E-2 3.45594E-3 4.59179E-4 2.25047E-5 7.40238E-5 1.99755E-4 8.03623E-5 5.12151E-4 1.70309E-3 0E0 1.76256E-2 2.20025E-2 1.08676E-3 1.23755E-3 4.56932E-3 5.06881E-3 1.4751E-2 1.96027E-2 2.56284E-2 2.39439E-3 1.44367E-3 4.69266E-3 3.15964E-2 9.08026E-3 5.70599E-3 2.4402E-3 1.14612E-3 1.76615E-3 2.83227E-3 2.67956E-3 9.50638E-4 1.49985E-3 2.3547E-3 1.67251E-3 9.80897E-4 1.27334E-3 2.42727E-3 2.08599E-3 9.46443E-4 7.50498E-4 3.06213E-4 8.07239E-5
6.40748E-2 2.82903E-1 8.58795E-2 6.32632E-3 4.24914E-3 3.95669E-3 4.38531E-3 4.49738E-3 4.55447E-3 6.40737E-3 1.02364E-2 4.69606E-2 1.64455E-1 2.90892E-1 2.09896E-1 2.98087E-1 2.98087E-1 0E0 0E0 0E0 1.35585E-1 1.21906E-1 1.14025E-2 4.16803E-4 5.71044E-5 1.80306E-4 2.01079E-4 2.25636E-4 2.25636E-4 6.41015E-4 1.36407E-2 2.17315E-2 2.14537E-2 5.77839E-3 3.37297E-3 3.6642E-3 1.52268E-2 1.55318E-2 2.62493E-2 1.99307E-2 2.01034E-3 8.2854E-4 9.36225E-4 4.05635E-3 1.60315E-3 1.53234E-3 1.14442E-3 2.12756E-4 1.86821E-4 1.28943E-3 1.26527E-3 1.71517E-3 1.17283E-3 3.95604E-3 1.71236E-3 3.06332E-3 3.76534E-3 2.45949E-3 1.64652E-3 9.27796E-4 1.43479E-3 9.43977E-4 1.03568E-4
6.34698E-2 2.75984E-1 2.64941E-1 2.3045E-2 6.59223E-2 7.01473E-3 5.28268E-3 6.7799E-3 4.91393E-3 1.71765E-3 6.86578E-3 1.02364E-2 3.8542E-2 5.12103E-2 1.68878E-1 2.12549E-1 7.1652E-2 3.54435E-1 0E0 0E0 0E0 5.07346E-2 3.65971E-3 1.72727E-4 5.40079E-5 5.81963E-5 6.58115E-5 2.17673E-4 1.68655E-3 4.31413E-3 1.70774E-2 1.6866E-2 2.24848E-2 9.39691E-3 1.03804E-2 1.05913E-2 8.01916E-3 1.95107E-2 2.54516E-2 1.97459E-2 7.6803E-3 9.60818E-4 7.17707E-4 2.5424E-3 8.89406E-4 5.64879E-4 1.80005E-4 2.23364E-4 2.48815E-4 4.3886E-4 1.04441E-3 1.98182E-3 2.62348E-3 2.81573E-3 1.45469E-3 2.66589E-3 5.83482E-3 1.07363E-3 1.6684E-3 5.26705E-3 2.41132E-3 2.57054E-3 3.19045E-4
2.51774E-1 2.11441E-1 2.64941E-1 3.25545E-1 0E0 0E0 7.07874E-2 9.37444E-2 7.33054E-3 9.47358E-3 6.59148E-3 1.94412E-3 9.74493E-3 3.71424E-2 3.88717E-2 4.36854E-2 1.66788E-2 1.68879E-2 5.51955E-2 1.35077E-1 4.50554E-2 3.93446E-2 5.45286E-4 5.58391E-5 2.3658E-5 8.34202E-5 8.85566E-5 2.24985E-4 7.46962E-4 1.76228E-3 2.43528E-3 2.43528E-3 7.81939E-3 1.26914E-2 9.816E-3 8.14837E-3 2.23623E-3 7.88699E-3 1.98689E-2 5.2942E-3 1.60383E-3 4.76387E-4 4.62483E-4 8.672E-4 6.27814E-4 2.18205E-4 1.26473E-4 4.69437E-4 4.40188E-4 1.0872E-3 2.11332E-3 5.96749E-3 7.10553E-3 5.73992E-3 6.69167E-3 1.00256E-3 5.18075E-4 9.29739E-4 3.45532E-3 1.5722E-3 1.94687E-3 2.98599E-3 7.21089E-4
0E0 0E0 0E0 0E0 0E0 0E0 0E0 0E0 9.32536E-2 9.5106E-2 9.65363E-3 6.80221E-3 2.54888E-3 2.62159E-3 2.84887E-3 2.8783E-3 3.31365E-3 1.34764E-3 1.30868E-2 1.86649E-2 4.27804E-3 1.11203E-2 1.5591E-4 2.21329E-5 2.62738E-5 1.49917E-5 3.77363E-5 1.23835E-4 3.13112E-4 3.26578E-4 3.22825E-3 1.03804E-2 1.08456E-2 8.21375E-3 8.22254E-3 8.42201E-3 1.51978E-3 1.42272E-3 1.65084E-3 2.90179E-4 2.52857E-4 4.17193E-5 5.15473E-5 2.04979E-4 2.07558E-4 1.21353E-4 1.51967E-5 1.03589E-5 2.59089E-4 5.30335E-4 8.17912E-4 1.82059E-3 1.0528E-3 9.31835E-4 2.68434E-3 3.64609E-3 6.15609E-4 2.34698E-3 1.12123E-3 7.21538E-4 9.60962E-4 1.8648E-3 1.58361E-3
3.88654E-1 0E0 0E0 0E0 0E0 0E0 0E0 0E0 0E0 0E0 2.68573E-2 1.04636E-2 6.86673E-3 2.61108E-3 9.02915E-3 1.23704E-2 1.18616E-2 3.56198E-3 4.09468E-4 1.57552E-4 1.31297E-4 5.4906E-5 1.8581E-5 2.00875E-5 2.60559E-5 3.6197E-5 7.68728E-4 2.25246E-3 4.23385E-4 1.03202E-3 1.02979E-2 7.55249E-3 7.6083E-3 1.52049E-2 8.42201E-3 2.12323E-3 6.09496E-4 5.37922E-4 1.87259E-4 1.12264E-4 9.34887E-6 4.29964E-6 3.37271E-5 2.02399E-4 6.65362E-5 5.08382E-6 7.05701E-6 1.01159E-5 2.52758E-4 3.02289E-4 9.56699E-5 4.76711E-4 3.70695E-4 7.03029E-4 5.14228E-4 7.69713E-3 7.85796E-4 1.03193E-3 1.07363E-3 5.74842E-4 6.89936E-4 8.1013E-4 2.21917E-3
2.63229E-1 3.89352E-1 0E0 0E0 0E0 0E0 0E0 0E0 0E0 0E0 0E0 3.83713E-2 7.95495E-3 7.5452E-3 1.26381E-1 1.69082E-1 1.26839E-2 1.30868E-2 3.94388E-3 4.51489E-4 4.75453E-4 1.51343E-4 1.51842E-4 5.33919E-5 2.28827E-5 3.64997E-5 2.38823E-3 7.33487E-3 3.10481E-3 1.01289E-2 7.64362E-3 7.39831E-3 1.41336E-3 1.26334E-3 2.73465E-3 2.91889E-4 1.90798E-4 1.73594E-4 1.05748E-4 1.81915E-5 4.29523E-6 1.05889E-5 3.01384E-5 1.12897E-4 1.21863E-4 3.71414E-5 1.03589E-5 5.36035E-6 7.19608E-6 1.01675E-5 8.57759E-6 5.09279E-5 7.17037E-5 6.56025E-4 1.60507E-3 4.02456E-3 4.50868E-4 6.15123E-4 9.34621E-4 2.64735E-3 3.47517E-3 6.24573E-4 3.55041E-3
3.36078E-1 3.23284E-1 3.10785E-1 3.38836E-1 0E0 0E0 0E0 0E0 0E0 0E0 0E0 0E0 0E0 7.52151E-3 1.25903E-1 0E0 4.44633E-2 1.36417E-2 6.20698E-2 1.43409E-2 4.15505E-3 4.09913E-3 5.15282E-4 5.70936E-4 8.06073E-5 1.42031E-5 1.28884E-4 1.32792E-4 4.26191E-4 1.07531E-2 7.16536E-3 2.64389E-3 3.72077E-4 1.39413E-4 2.20153E-4 1.58279E-4 4.93414E-5 4.70049E-5 5.6277E-5 3.52914E-5 4.04692E-5 1.53925E-5 3.16271E-5 1.21122E-4 6.32358E-5 3.65492E-5 1.13139E-5 2.38281E-6 2.49047E-6 2.08698E-6 5.69819E-6 6.40744E-5 2.19472E-4 5.09088E-4 3.43093E-3 7.62167E-3 1.71654E-3 3.62837E-3 4.61195E-3 2.24122E-3 2.48884E-3 6.44933E-4 1.12728E-3
4.95772E-1 5.09538E-1 4.03405E-1 3.90213E-1 3.39341E-1 0E0 0E0 0E0 0E0 0E0 0E0 0E0 1.1827E-1 1.01187E-2 2.34271E-2 2.11823E-1 1.69897E-1 4.19557E-2 0E0 6.22043E-2 1.45665E-2 1.54636E-2 4.48409E-3 1.90275E-3 2.46116E-4 1.36754E-5 3.6197E-5 5.25583E-5 5.92993E-5 4.39483E-3 1.20051E-2 2.46808E-3 0E0 0E0 3.67576E-5 2.24572E-5 4.28595E-5 5.79157E-5 6.13375E-5 7.28645E-5 7.94164E-5 3.01384E-5 2.96579E-5 3.21037E-5 7.40117E-5 2.21875E-5 1.05539E-5 2.39779E-6 3.73626E-6 7.42535E-6 1.81561E-5 2.1705E-5 2.98593E-5 2.88274E-4 1.23157E-4 1.22009E-3 1.68973E-3 1.60443E-3 3.60221E-3 5.10771E-3 3.27674E-3 2.82649E-3 6.84805E-4
5.51237E-1 3.9033E-1 4.04112E-1 4.94544E-1 0E0 0E0 0E0 0E0 0E0 0E0 0E0 0E0 0E0 2.7902E-2 2.97654E-2 3.97574E-2 1.76809E-1 0E0 0E0 1.39801E-1 0E0 0E0 1.47957E-2 1.76266E-3 2.38118E-4 9.86762E-5 2.78002E-4 2.16009E-3 4.04251E-4 3.21255E-3 2.4224E-2 1.01746E-2 0E0 0E0 0E0 4.24301E-5 2.3151E-5 5.45557E-5 4.83736E-5 5.27019E-5 6.3537E-5 2.40019E-5 1.79261E-4 8.97514E-5 2.22039E-4 9.99141E-5 1.29158E-5 4.09182E-6 3.88511E-6 3.96507E-6 3.73626E-6 1.48844E-5 6.5019E-6 4.63286E-5 4.22148E-4 2.5093E-3 2.49822E-3 2.96921E-3 1.6323E-3 5.824E-3 2.54873E-3 6.19016E-3 1.2557E-3
3.89352E-1 3.24056E-1 3.37784E-1 3.91169E-1 0E0 0E0 0E0 0E0 0E0 0E0 0E0 0E0 2.75892E-1 2.79647E-2 3.51247E-1 1.31736E-1 1.40695E-1 2.13034E-1 3.55511E-1 9.25017E-2 0E0 0E0 5.75274E-2 1.10019E-2 1.57483E-2 2.41984E-4 2.58513E-4 5.01683E-3 7.27644E-3 3.09602E-2 2.83166E-2 9.23382E-3 4.14805E-3 0E0 0E0 0E0 6.3019E-4 1.77148E-4 3.76498E-4 2.14316E-4 5.66456E-5 1.55744E-4 7.09822E-5 1.02511E-4 2.48344E-4 1.70096E-4 6.41802E-5 5.98975E-6 4.39027E-6 3.24461E-6 2.16087E-6 3.68552E-6 1.87266E-6 1.17791E-5 1.82335E-4 4.82229E-3 7.79998E-3 1.0236E-3 4.03479E-3 2.28186E-3 7.28048E-4 7.98386E-3 1.61903E-3
2.68907E-1 2.58077E-1 3.31368E-1 3.25086E-1 3.76467E-1 0E0 0E0 0E0 0E0 0E0 0E0 0E0 0E0 7.48927E-2 0E0 3.51782E-1 2.93443E-1 0E0 1.43E-1 0E0 0E0 1.10329E-1 5.75274E-2 4.813E-2 1.45991E-2 1.77995E-3 2.31907E-4 4.95686E-3 2.10582E-2 5.28921E-2 2.32693E-2 6.74292E-2 2.40927E-2 1.62772E-3 2.28732E-3 9.6154E-4 9.55369E-4 9.16432E-4 1.8889E-4 1.9337E-4 2.68871E-4 1.19078E-4 1.58966E-4 1.68984E-4 3.44017E-4 9.03652E-5 1.33445E-5 4.12997E-6 3.22155E-6 2.32148E-6 2.36053E-6 2.16087E-6 1.28894E-6 6.37078E-6 3.55588E-5 2.5179E-4 2.32164E-2 1.47655E-4 5.71186E-3 9.338E-4 1.20914E-2 3.12544E-3 1.37278E-3
2.57179E-1 3.17429E-1 2.70411E-1 1.16949E-1 2.7716E-1 0E0 0E0 0E0 0E0 0E0 0E0 0E0 0E0 0E0 0E0 0E0 0E0 0E0 0E0 0E0 0E0 9.45885E-2 6.06188E-2 4.49277E-2 1.4463E-2 1.75408E-3 1.92141E-3 4.80996E-2 5.16287E-2 2.75539E-2 2.20605E-2 5.45879E-2 5.82344E-2 0E0 3.26641E-3 1.37199E-3 1.32618E-3 1.76885E-3 1.87988E-4 1.31375E-4 1.8802E-4 6.44933E-4 1.1094E-4 1.24412E-4 1.81214E-4 5.3672E-5 5.49653E-6 2.98041E-6 1.20924E-6 1.20924E-6 1.17041E-6 7.41055E-7 8.54881E-7 1.28211E-5 1.88176E-4 1.67509E-3 4.71674E-4 1.87356E-4 2.17612E-3 5.08938E-3 1.2091E-3 1.40079E-2 3.24976E-4
7.77518E-2 7.91121E-2 1.105E-1 3.31498E-1 3.38836E-1 0E0 0E0 0E0 0E0 0E0 0E0 0E0 0E0 2.89987E-1 0E0 0E0 0E0 0E0 0E0 0E0 0E0 1.44287E-1 1.72429E-1 1.36592E-1 1.4463E-2 1.48751E-2 1.74554E-3 1.07109E-2 1.55393E-2 6.57952E-3 2.15871E-2 9.05045E-2 5.50297E-2 3.96916E-3 3.51899E-3 5.33623E-3 2.59525E-3 4.90464E-3 1.2154E-3 5.78297E-4 8.93791E-4 4.49701E-4 6.33125E-5 1.18627E-4 5.15968E-5 6.22851E-6 3.43806E-6 1.98883E-6 1.78736E-6 1.02974E-6 9.58083E-7 1.22539E-6 8.54881E-7 1.4213E-5 1.88176E-4 1.66064E-4 5.67614E-5 6.07388E-5 3.44613E-4 5.51132E-3 2.58871E-3 3.10828E-3 6.70541E-3
7.81681E-2 7.86912E-2 1.23361E-1 1.17698E-1 3.25215E-1 0E0 0E0 0E0 0E0 0E0 0E0 0E0 0E0 0E0 0E0 0E0 0E0 0E0 0E0 0E0 0E0 0E0 1.16998E-1 1.4208E-1 4.63347E-2 1.40877E-2 4.30128E-3 1.55878E-2 1.57835E-2 6.82079E-3 3.04996E-2 7.14113E-2 5.31761E-2 1.02971E-2 3.34431E-3 4.74042E-3 4.85715E-3 3.46855E-3 1.6E-2 4.06937E-3 1.63502E-3 9.38151E-4 4.45285E-5 8.51271E-5 8.22304E-5 1.43845E-5 4.16957E-6 3.0764E-6 1.22159E-6 3.14388E-6 2.99174E-6 9.46205E-6 1.31275E-6 3.38542E-6 5.07327E-5 9.77456E-5 3.75084E-5 8.18562E-5 1.17095E-3 1.09873E-2 2.48636E-3 1.31423E-2 5.03884E-3
8.37446E-2 2.33076E-2 8.96454E-2 1.17248E-1 3.25602E-1 0E0 0E0 0E0 0E0 0E0 0E0 0E0 0E0 0E0 0E0 0E0 0E0 0E0 0E0 0E0 0E0 0E0 1.44108E-1 1.80538E-1 4.84482E-2 1.04784E-2 1.45346E-2 1.97121E-2 2.12551E-2 2.19243E-2 3.09715E-2 5.22541E-2 6.74292E-2 5.63649E-2 7.17097E-3 5.48513E-3 3.97535E-3 1.605E-2 1.46918E-2 2.76331E-3 1.53479E-2 1.99872E-3 4.94784E-4 1.8623E-4 2.41064E-4 7.33417E-5 1.64711E-5 3.36412E-6 3.10508E-6 9.08957E-6 6.47586E-5 4.51425E-5 5.57553E-6 2.69354E-6 8.69226E-5 9.83177E-5 1.1347E-4 1.29605E-4 1.85321E-3 1.16224E-3 1.00395E-2 5.7578E-3 1.8812E-4
8.85878E-2 6.34698E-2 8.3967E-2 1.10785E-1 3.25344E-1 0E0 0E0 0E0 0E0 0E0 0E0 0E0 0E0 0E0 0E0 0E0 0E0 0E0 0E0 0E0 0E0 1.11758E-1 1.1219E-1 1.1219E-1 4.86615E-2 1.05774E-2 3.64947E-2 4.86307E-2 2.13873E-2 2.28357E-2 6.85575E-2 5.06769E-2 4.33908E-2 5.87432E-2 1.18227E-2 4.84605E-2 2.18068E-2 1.53001E-2 1.87156E-2 1.52049E-2 1.53479E-2 1.15123E-3 3.30044E-4 3.35171E-4 2.83291E-4 8.29115E-5 5.46611E-6 3.78198E-6 2.561E-6 2.86203E-5 2.90144E-4 2.96782E-4 9.87448E-6 4.09834E-6 2.45224E-5 8.57971E-5 3.38917E-4 2.141E-4 3.17471E-4 2.41263E-4 2.23696E-2 2.43046E-3 5.12605E-3
2.69832E-1 6.42487E-2 8.45254E-2 9.01192E-2 3.39626E-1 3.47108E-1 0E0 0E0 0E0 0E0 0E0 0E0 0E0 0E0 0E0 0E0 0E0 0E0 0E0 0E0 1.4788E-1 1.49345E-1 1.16687E-1 1.44748E-1 3.76876E-2 1.04129E-2 4.72612E-2 4.74695E-2 5.05103E-2 6.49634E-2 6.48234E-2 5.28921E-2 4.53477E-2 1.1897E-2 1.16162E-2 1.53081E-1 1.66438E-2 1.40793E-3 1.93665E-2 1.7608E-2 2.00396E-2 2.42915E-3 3.05871E-4 2.09799E-4 7.48129E-5 7.82862E-5 1.66379E-5 6.42975E-6 2.43711E-5 9.84923E-5 3.16333E-4 2.135E-4 7.70622E-5 7.96348E-6 9.3089E-6 2.62867E-4 2.75039E-4 3.25984E-5 3.31434E-4 2.23996E-4 2.12875E-2 4.94988E-3 1.18982E-2
2.1643E-1 6.8259E-2 2.70759E-1 2.71223E-1 1.19819E-1 1.20585E-1 1.63661E-1 3.62142E-1 0E0 0E0 0E0 0E0 0E0 0E0 0E0 0E0 0E0 0E0 0E0 0E0 1.15498E-1 1.41025E-1 1.12485E-1 1.08935E-1 2.71161E-2 8.47464E-3 1.14951E-2 3.47773E-2 4.86615E-2 8.35399E-2 5.02346E-2 5.02346E-2 1.47615E-2 0E0 7.30015E-2 1.18996E-1 4.28974E-2 1.97546E-2 1.83348E-2 1.43416E-2 1.84492E-2 3.35629E-3 6.20404E-4 2.87627E-4 2.43036E-4 2.86862E-4 1.60003E-4 1.73491E-4 3.18916E-4 2.57932E-4 9.06346E-4 5.35567E-4 2.86138E-4 1.14253E-5 3.16615E-5 2.89408E-4 1.88501E-4 5.67614E-5 1.13878E-4 3.36792E-4 6.90335E-3 2.42438E-2 5.415E-3
1.22425E-1 2.70875E-1 3.38441E-1 3.45645E-1 2.88113E-1 2.88837E-1 4.15692E-1 0E0 0E0 0E0 0E0 0E0 0E0 0E0 0E0 0E0 0E0 0E0 0E0 0E0 1.4788E-1 9.04104E-2 1.49713E-1 4.82359E-2 3.57713E-2 1.06774E-2 1.164E-2 3.88771E-2 6.65111E-2 0E0 0E0 6.50667E-2 0E0 0E0 7.45789E-2 1.18996E-1 7.09411E-2 6.76785E-2 2.31213E-2 1.89337E-2 2.46636E-2 1.86221E-2 9.11503E-4 2.87976E-4 3.15903E-4 4.96905E-4 3.80259E-4 5.11969E-4 9.50594E-4 3.25254E-3 8.88238E-3 3.08166E-4 1.25704E-4 9.51288E-6 1.01159E-5 1.24198E-5 7.40458E-5 2.77749E-5 6.2836E-5 2.23996E-4 4.33E-3 4.11255E-3 2.69282E-3
3.44185E-1 3.97294E-1 3.4761E-1 3.49344E-1 3.35931E-1 0E0 3.50413E-1 3.02336E-1 0E0 0E0 0E0 0E0 0E0 0E0 0E0 0E0 0E0 0E0 0E0 0E0 8.98169E-2 1.48062E-1 6.38397E-2 6.56564E-2 3.79395E-2 1.52037E-2 5.12908E-2 4.97411E-2 5.02346E-2 0E0 0E0 0E0 0E0 0E0 0E0 5.27132E-2 4.31826E-2 5.78341E-2 1.78381E-2 1.97131E-2 2.4749E-2 1.82778E-2 1.83919E-2 3.44094E-3 1.24614E-3 1.96756E-3 6.06613E-3 3.49036E-3 2.08608E-3 2.15602E-3 6.84034E-2 1.55161E-3 5.36611E-4 2.3512E-4 3.113E-5 1.14636E-5 2.1237E-4 1.62428E-5 4.44069E-5 2.63451E-4 3.45898E-3 1.87356E-4 1.55744E-4
3.46279E-1 1.9999E-1 3.34491E-1 3.07253E-1 0E0 0E0 0E0 0E0 0E0 0E0 0E0 0E0 0E0 0E0 0E0 0E0 0E0 0E0 0E0 0E0 9.01726E-2 9.11273E-2 6.45328E-2 6.31645E-2 5.27824E-2 1.58963E-2 6.8693E-2 3.94375E-2 6.54256E-2 0E0 0E0 0E0 0E0 0E0 1.16974E-2 5.25152E-3 2.72388E-2 5.83392E-2 1.78937E-2 1.98884E-2 2.06528E-2 5.65993E-2 4.71447E-2 2.03531E-2 4.46359E-2 7.00881E-3 3.74139E-2 2.82856E-2 2.70082E-2 6.65694E-2 6.88459E-2 1.80707E-3 1.862E-3 5.12761E-4 8.26025E-5 4.21853E-5 8.91297E-5 1.1263E-5 1.76152E-4 4.17425E-4 4.2206E-4 9.91487E-5 8.84625E-5
3.66784E-1 4.00002E-1 1.31025E-1 1.38129E-1 3.56584E-1 0E0 0E0 0E0 0E0 0E0 0E0 0E0 0E0 0E0 0E0 0E0 0E0 0E0 0E0 0E0 0E0 1.17297E-1 1.11902E-1 1.82906E-1 6.75212E-2 6.53853E-2 1.57619E-1 9.78616E-2 4.30092E-2 0E0 0E0 0E0 0E0 0E0 0E0 0E0 3.53684E-3 2.54373E-2 2.36996E-2 1.97652E-2 1.64351E-2 4.58393E-2 4.90155E-2 5.97468E-2 6.58697E-2 2.52949E-2 8.4473E-2 6.23261E-2 4.18916E-2 6.64531E-2 5.42793E-3 3.14968E-3 5.13924E-4 2.40804E-4 1.59432E-5 9.70169E-6 1.47609E-5 9.34643E-6 7.39545E-6 3.4203E-5 1.52007E-4 9.32085E-5 1.60922E-4
4.46988E-1 3.68833E-1 3.6938E-1 4.35871E-1 0E0 0E0 0E0 0E0 0E0 0E0 0E0 0E0 0E0 0E0 0E0 0E0 0E0 0E0 0E0 0E0 0E0 0E0 0E0 1.18804E-1 9.5585E-2 4.88223E-2 5.20886E-2 0E0 0E0 0E0 0E0 0E0 0E0 0E0 0E0 0E0 3.2023E-2 2.34081E-2 1.94606E-2 1.97478E-2 2.07716E-2 5.66744E-2 3.77954E-2 1.68279E-2 5.87179E-2 8.34082E-2 6.71445E-2 7.55403E-2 2.68249E-2 1.6512E-2 7.98417E-4 3.4023E-4 2.55861E-4 2.05196E-5 9.34643E-6 3.20859E-6 2.6177E-6 2.65601E-6 2.64466E-6 6.40651E-6 4.31387E-5 4.54409E-5 4.78087E-5
2.13933E-1 4.34427E-1 5.19433E-1 5.19433E-1 0E0 0E0 0E0 0E0 0E0 0E0 0E0 0E0 0E0 0E0 0E0 0E0 0E0 0E0 0E0 0E0 0E0 1.17747E-1 0E0 0E0 0E0 1.0298E-1 0E0 0E0 0E0 0E0 0E0 0E0 0E0 0E0 0E0 0E0 4.95229E-3 5.40541E-2 2.36264E-2 4.47882E-2 4.61911E-2 5.64635E-2 5.64281E-2 1.70388E-2 5.81734E-2 6.02989E-2 7.9098E-2 5.80856E-2 1.39727E-3 5.79298E-4 1.13756E-2 2.3096E-3 1.93693E-4 5.40309E-5 5.12405E-6 2.05858E-6 2.40455E-6 9.6555E-7 7.17674E-7 1.33598E-6 1.07185E-5 1.76754E-6 2.60558E-6
7.62936E-2 1.71901E-1 4.49022E-1 5.04165E-1 0E0 0E0 0E0 0E0 0E0 0E0 0E0 0E0 0E0 0E0 0E0 0E0 0E0 0E0 0E0 0E0 1.49898E-1 1.51752E-1 0E0 0E0 0E0 0E0 0E0 0E0 0E0 0E0 0E0 0E0 0E0 0E0 0E0 0E0 3.24182E-2 4.23836E-2 4.14448E-2 3.50697E-2 3.66377E-2 5.53323E-2 3.62602E-2 1.63854E-2 8.01341E-3 2.36373E-2 6.38553E-2 1.06455E-1 2.67423E-2 3.53192E-2 6.57408E-2 1.19388E-2 3.50848E-4 2.18205E-4 5.42917E-5 2.78213E-6 8.83351E-7 6.68653E-7 0E0 0E0 2.69934E-6 1.10254E-6 9.71867E-6
7.7605E-2 1.63645E-1 1.30695E-1 1.66037E-1 4.51639E-1 0E0 0E0 0E0 0E0 0E0 0E0 0E0 0E0 0E0 0E0 0E0 0E0 1.14761E-1 1.4015E-1 0E0 4.73952E-2 1.43854E-1 0E0 0E0 0E0 0E0 0E0 0E0 0E0 0E0 0E0 0E0 0E0 0E0 0E0 7.31005E-2 5.62307E-2 4.23836E-2 3.23756E-2 1.10756E-2 3.32545E-2 4.2433E-2 3.40046E-2 2.58543E-3 3.57469E-3 6.31689E-2 1.02568E-1 8.52043E-2 7.64234E-2 6.54583E-2 2.88128E-2 1.61056E-3 1.83851E-4 9.29963E-5 9.70873E-5 1.01588E-5 1.76668E-6 8.08987E-7 0E0 0E0 0E0 2.39599E-7 3.94239E-7
7.88192E-2 9.91119E-2 9.548E-2 1.94365E-1 1.62363E-1 1.33015E-1 0E0 0E0 0E0 0E0 0E0 0E0 0E0 0E0 0E0 0E0 0E0 8.51351E-2 8.57006E-2 1.10905E-1 4.45332E-2 4.55256E-2 0E0 0E0 0E0 0E0 0E0 0E0 0E0 0E0 0E0 0E0 0E0 0E0 7.40443E-2 5.75933E-2 4.23836E-2 7.33749E-2 3.39925E-2 1.10756E-2 3.33288E-2 3.4297E-2 3.50821E-2 5.75441E-3 6.20627E-4 6.30325E-2 7.92837E-2 3.33215E-2 8.12716E-3 2.82452E-3 1.12096E-3 3.13872E-3 4.45994E-4 3.5209E-4 1.77986E-4 5.4342E-6 1.85494E-6 0E0 0E0 0E0 0E0 0E0 0E0
