Penelope_albipennis_1_MRI-ESM2-0_ssp585_2081-2100.asc
ncols         370
nrows         575
xllcorner     -81.9
yllcorner     -7.9916666475
cellsize      0.00833333329999999
NODATA_value  -9999
[rows 224 to 251 of 575, columns 189 to 251 of 370]
1.92816E-2 1.81178E-2 2.25289E-2 1.9557E-2 2.81066E-2 2.81066E-2 4.01045E-2 4.89359E-2 6.02608E-2 5.63906E-2 6.45849E-2 9.57257E-2 1.34392E-1 4.26745E-1 4.62029E-1 5.45981E-1 5.7658E-1 5.75514E-1 5.7658E-1 6.09441E-1 6.54724E-1 6.0996E-1 6.85154E-1 6.86271E-1 6.86095E-1 6.87151E-1 7.10509E-1 7.28462E-1 7.62002E-1 7.34246E-1 7.74212E-1 7.8544E-1 8.27077E-1 7.94635E-1 8.05201E-1 8.52615E-1 8.59749E-1 8.59281E-1 8.72774E-1 8.16736E-1 5.48132E-1 4.97681E-1 4.98268E-1 4.49944E-1 5.70138E-1 4.36614E-1 5.88633E-1 6.98935E-1 7.15759E-1 6.93076E-1 5.28574E-1 4.20442E-1 4.20299E-1 4.07303E-1 4.63147E-1 2.71269E-1 3.00804E-1 2.6837E-1 2.10949E-2 4.62665E-3 9.51491E-4 1.14706E-3 8.78166E-3
1.92774E-2 2.22717E-2 2.2195E-2 2.81708E-2 2.80585E-2 2.81066E-2 4.01498E-2 3.96407E-2 6.05275E-2 6.49764E-2 7.95617E-2 1.15158E-1 1.34392E-1 4.25144E-1 4.60809E-1 5.45575E-1 5.47333E-1 5.75914E-1 5.29041E-1 6.1022E-1 6.85507E-1 6.8721E-1 6.87679E-1 6.88557E-1 6.87386E-1 6.86271E-1 6.85742E-1 7.09666E-1 7.4487E-1 7.45699E-1 7.98716E-1 8.08586E-1 7.74498E-1 7.45986E-1 8.04798E-1 8.31782E-1 8.44094E-1 8.59314E-1 8.66384E-1 8.72613E-1 8.09753E-1 4.32864E-1 8.32392E-1 8.94237E-1 4.53299E-1 5.19917E-1 6.81717E-1 6.71452E-1 6.24074E-1 6.12625E-1 5.26378E-1 4.57084E-1 3.87781E-1 4.21444E-1 5.17472E-1 2.86395E-1 4.49603E-1 2.4739E-1 4.67212E-1 4.00364E-1 4.36389E-2 1.83466E-1 1.64472E-1
9.2925E-2 8.15794E-2 9.67077E-2 2.77082E-2 3.20652E-2 3.22297E-2 4.9018E-2 3.96407E-2 6.39552E-2 5.99952E-2 7.33241E-2 9.96195E-2 1.20646E-1 4.25677E-1 3.79817E-1 4.91911E-1 4.9827E-1 5.29517E-1 6.05198E-1 6.08986E-1 6.09895E-1 6.3997E-1 6.89084E-1 6.89259E-1 7.11742E-1 7.10172E-1 6.65073E-1 6.65073E-1 7.47566E-1 7.64279E-1 7.83938E-1 7.9911E-1 8.09303E-1 8.19032E-1 8.28038E-1 8.36212E-1 8.44863E-1 8.44704E-1 8.52684E-1 8.57937E-1 8.66384E-1 8.94289E-1 8.90022E-1 8.28664E-1 4.55474E-1 6.1563E-1 6.65856E-1 5.80475E-1 5.81047E-1 6.09834E-1 5.94311E-1 4.55481E-1 4.9495E-1 4.89212E-1 2.78473E-1 3.65826E-1 3.90358E-1 4.58215E-1 3.60676E-1 3.08061E-1 3.22119E-1 3.03858E-1 2.43649E-1
6.81685E-2 7.82388E-2 7.81601E-2 7.79638E-2 2.78987E-2 3.22297E-2 4.83481E-2 5.19166E-2 7.32831E-2 6.85766E-2 7.37643E-2 9.98305E-2 1.20522E-1 1.58971E-1 1.75294E-1 5.40007E-1 5.46251E-1 5.46386E-1 6.94652E-1 6.94709E-1 7.24251E-1 6.8586E-1 7.14477E-1 7.13697E-1 7.11518E-1 7.10172E-1 6.85624E-1 7.10172E-1 7.10172E-1 7.09835E-1 7.83753E-1 7.46732E-1 7.6368E-1 7.99723E-1 8.19274E-1 8.36324E-1 8.36511E-1 8.44433E-1 8.51987E-1 8.5147E-1 8.57923E-1 8.65431E-1 8.84988E-1 8.00458E-1 4.54455E-1 5.19183E-1 5.65484E-1 5.6534E-1 4.8909E-1 5.98102E-1 6.55508E-1 5.23363E-1 4.28687E-1 4.87744E-1 3.04035E-1 3.38301E-1 4.37099E-1 2.82205E-1 3.60676E-1 2.32878E-1 2.48204E-1 2.50372E-1 2.2717E-1
6.79436E-2 7.81208E-2 7.81601E-2 7.8416E-2 1.09586E-1 3.20106E-2 4.64032E-2 4.6144E-2 6.5406E-2 6.52983E-2 7.24113E-2 2.71626E-1 3.02838E-1 3.80395E-1 3.36737E-1 3.64413E-1 4.44908E-1 5.46116E-1 6.48518E-1 6.94594E-1 7.23215E-1 6.8533E-1 6.89317E-1 6.42356E-1 6.67197E-1 6.86623E-1 6.39404E-1 6.66651E-1 6.66712E-1 7.23915E-1 6.39907E-1 6.39656E-1 7.84953E-1 7.99373E-1 8.10018E-1 8.19194E-1 7.84289E-1 7.94901E-1 8.44469E-1 8.44218E-1 8.51677E-1 8.65738E-1 8.71862E-1 8.60142E-1 7.99542E-1 4.38786E-1 2.81268E-1 5.73184E-1 4.57369E-1 2.88048E-1 2.79901E-1 5.43181E-1 4.60295E-1 5.39669E-1 2.50345E-1 2.71546E-1 4.14069E-1 4.62455E-1 3.49076E-1 2.40189E-1 2.15691E-1 2.17657E-1 2.36779E-1
6.32293E-2 9.31553E-2 9.32014E-2 1.10951E-1 3.21748E-2 3.70662E-2 3.97891E-2 4.54763E-2 5.62345E-2 6.43723E-2 1.98979E-1 2.36982E-1 2.04311E-1 2.65932E-1 3.36432E-1 3.37713E-1 4.4538E-1 4.45717E-1 5.28973E-1 6.08791E-1 6.12553E-1 6.13718E-1 6.14752E-1 6.42356E-1 6.42669E-1 6.3997E-1 6.40536E-1 6.41289E-1 6.66287E-1 6.39782E-1 7.46835E-1 7.47299E-1 6.66348E-1 7.11518E-1 8.00029E-1 7.75497E-1 7.57901E-1 7.16155E-1 8.07629E-1 8.14099E-1 8.46339E-1 8.31707E-1 8.4285E-1 8.59847E-1 8.68176E-1 5.48398E-1 2.28921E-1 4.4255E-1 4.57515E-1 2.7221E-1 5.20693E-1 5.38805E-1 5.04258E-1 3.06789E-1 3.89371E-1 6.10393E-1 2.58862E-1 2.73268E-1 2.4676E-1 2.20446E-1 2.09392E-1 2.26221E-1 1.26753E-1
7.53284E-2 8.1253E-2 9.2971E-2 1.25565E-1 3.24135E-2 3.70662E-2 1.2968E-1 1.29926E-1 1.29988E-1 1.78333E-1 1.78213E-1 2.30368E-1 2.36982E-1 3.04568E-1 3.51956E-1 4.26478E-1 4.10236E-1 4.45717E-1 5.00794E-1 5.60899E-1 6.14817E-1 6.14235E-1 6.12942E-1 6.121E-1 6.11387E-1 6.40222E-1 6.39341E-1 6.39279E-1 6.3953E-1 6.65559E-1 7.46577E-1 6.39907E-1 6.66348E-1 6.66166E-1 7.94643E-1 7.34831E-1 6.94513E-1 7.17263E-1 7.49648E-1 7.58998E-1 7.80903E-1 7.8109E-1 8.24074E-1 8.23876E-1 5.86594E-1 5.01207E-1 5.65356E-1 5.20312E-1 5.19432E-1 5.86554E-1 6.82364E-1 5.52292E-1 4.90161E-1 3.66444E-1 3.92128E-1 5.7706E-1 4.73157E-1 2.21037E-1 2.32633E-1 4.42701E-1 2.06293E-1 2.81391E-1 1.90329E-1
2.20173E-2 2.20173E-2 1.1044E-1 1.10012E-1 3.20106E-2 1.51862E-1 1.10022E-1 1.24782E-1 1.10156E-1 1.77336E-1 1.77575E-1 2.46412E-1 2.73627E-1 2.97373E-1 3.29988E-1 3.29867E-1 3.63844E-1 3.65678E-1 4.47066E-1 5.29857E-1 6.11193E-1 6.13071E-1 5.60563E-1 5.60025E-1 5.29517E-1 5.30536E-1 5.60025E-1 5.59285E-1 5.59958E-1 6.38901E-1 6.39467E-1 6.66166E-1 6.6653E-1 7.06555E-1 7.92433E-1 7.55679E-1 6.90853E-1 6.91552E-1 7.29062E-1 7.513E-1 7.961E-1 7.95479E-1 8.05141E-1 8.39347E-1 8.24351E-1 8.46884E-1 8.59452E-1 6.49175E-1 9.04234E-1 6.94064E-1 8.94212E-1 5.34632E-1 3.63424E-1 4.37775E-1 3.92473E-1 3.05559E-1 4.90161E-1 4.45451E-1 2.65225E-1 2.37463E-1 2.69831E-1 2.9285E-1 3.74941E-1
1.93441E-2 2.23485E-2 1.09932E-1 1.10012E-1 1.34087E-1 1.52955E-1 1.10049E-1 1.51468E-1 1.30297E-1 1.57695E-1 1.77097E-1 6.3949E-2 7.78579E-2 9.86229E-2 2.98286E-1 3.29144E-1 3.64223E-1 3.65678E-1 4.17336E-1 4.75711E-1 5.29925E-1 5.60025E-1 5.60563E-1 5.30128E-1 5.29177E-1 5.29449E-1 5.29925E-1 5.59353E-1 5.59285E-1 6.39153E-1 6.4041E-1 6.86768E-1 6.86357E-1 7.25039E-1 4.45741E-1 7.56182E-1 7.2301E-1 7.23447E-1 6.9161E-1 7.47225E-1 7.7545E-1 8.19072E-1 8.28503E-1 8.14983E-1 8.39604E-1 8.45307E-1 8.72346E-1 8.77918E-1 8.89942E-1 8.89675E-1 8.94057E-1 5.08951E-1 3.78755E-1 4.1227E-1 6.39513E-1 5.42324E-1 4.92652E-1 4.76236E-1 3.12048E-1 3.41673E-1 3.54484E-1 3.62139E-1 4.81614E-1
1.94111E-2 2.23485E-2 2.78987E-2 3.20106E-2 3.96323E-2 9.62062E-2 1.10049E-1 1.52241E-1 1.10343E-1 1.34097E-1 1.57369E-1 2.07577E-1 7.17825E-2 8.80348E-2 9.87274E-2 2.97487E-1 2.90255E-1 3.38384E-1 3.65298E-1 3.43668E-1 4.46931E-1 5.00862E-1 5.28837E-1 5.29245E-1 5.22971E-1 5.2263E-1 5.22834E-1 6.03763E-1 6.06175E-1 5.88861E-1 6.66894E-1 6.66045E-1 6.64951E-1 7.01997E-1 4.44738E-1 4.22202E-1 7.39196E-1 7.04366E-1 6.81706E-1 7.59011E-1 8.05283E-1 8.05283E-1 8.05796E-1 8.15845E-1 8.07077E-1 8.39384E-1 8.59351E-1 8.65771E-1 8.78286E-1 8.6311E-1 8.89057E-1 6.17544E-1 2.72784E-1 5.6968E-1 5.22301E-1 6.00623E-1 2.74222E-1 2.75376E-1 3.13604E-1 3.61165E-1 4.21494E-1 4.44592E-1 4.43878E-1
1.93441E-2 2.23485E-2 3.21748E-2 3.21748E-2 3.71291E-2 1.14622E-1 1.10022E-1 1.10022E-1 1.10156E-1 1.58057E-1 1.79134E-1 1.78613E-1 6.34585E-2 7.2293E-2 8.86024E-2 8.74705E-2 2.61042E-1 2.89974E-1 2.91775E-1 2.64489E-1 3.9526E-1 4.47538E-1 4.46728E-1 4.45852E-1 4.93889E-1 5.2263E-1 5.22154E-1 5.24536E-1 6.06436E-1 6.39279E-1 5.89324E-1 6.1687E-1 6.32595E-1 6.12007E-1 7.57888E-1 4.65591E-1 4.72575E-1 7.40037E-1 7.66582E-1 7.93776E-1 8.19974E-1 8.2877E-1 7.9571E-1 7.69613E-1 7.98128E-1 8.53171E-1 8.59498E-1 8.65018E-1 8.7814E-1 8.77097E-1 8.91069E-1 7.0846E-1 5.85543E-1 5.85115E-1 7.05708E-1 5.37664E-1 2.92222E-1 3.21975E-1 3.10806E-1 5.78922E-1 3.29927E-1 4.28569E-1 3.63478E-1
7.84172E-2 6.8281E-2 2.22717E-2 3.18291E-2 1.06144E-1 7.81012E-2 1.09782E-1 1.1037E-1 1.54338E-1 1.53628E-1 1.30297E-1 2.08521E-1 6.29368E-2 7.17825E-2 6.28676E-2 2.74279E-1 2.38119E-1 2.59361E-1 2.60358E-1 2.65073E-1 2.4937E-1 4.10963E-1 4.11161E-1 4.11161E-1 3.65045E-1 3.65931E-1 4.768E-1 4.77208E-1 5.60832E-1 5.8972E-1 5.89852E-1 6.18996E-1 6.40186E-1 6.67015E-1 7.69538E-1 4.95347E-1 4.96082E-1 4.7155E-1 4.11245E-1 7.93865E-1 7.93015E-1 8.04001E-1 7.46507E-1 7.79278E-1 7.79513E-1 8.52826E-1 8.52517E-1 8.65971E-1 8.39623E-1 6.48126E-1 6.76984E-1 8.94588E-1 9.04429E-1 8.88085E-1 6.94313E-1 2.47336E-1 3.19767E-1 3.09567E-1 5.07929E-1 5.04405E-1 2.41683E-1 3.33135E-1 3.59135E-1
5.77614E-2 8.18866E-2 2.78033E-2 3.19379E-2 1.10736E-1 9.31322E-2 1.14345E-1 1.30421E-1 4.50954E-2 4.46172E-2 1.30173E-1 1.30885E-1 6.33539E-2 6.35983E-2 6.37734E-2 6.31798E-2 2.73194E-1 2.37723E-1 2.60253E-1 2.21186E-1 2.25893E-1 3.74925E-1 1.30611E-1 1.29879E-1 1.7394E-1 1.74278E-1 4.88551E-1 5.24128E-1 5.30128E-1 5.90314E-1 6.4085E-1 6.87151E-1 7.12301E-1 7.11182E-1 7.10172E-1 7.283E-1 4.91222E-1 4.39692E-1 8.03033E-1 7.7944E-1 7.93508E-1 7.94756E-1 7.47126E-1 7.75164E-1 8.19274E-1 8.27701E-1 8.52586E-1 8.58981E-1 8.38055E-1 8.34006E-1 8.78781E-1 8.63978E-1 8.95782E-1 8.64219E-1 9.03885E-1 5.03083E-1 2.73647E-1 5.44628E-1 5.2362E-1 6.33504E-1 5.46958E-1 3.1579E-1 3.53821E-1
4.79737E-2 6.8281E-2 2.78987E-2 2.79625E-2 1.10387E-1 9.32936E-2 9.32936E-2 1.14345E-1 3.91876E-2 1.54374E-1 1.48634E-1 1.53983E-1 1.5441E-1 5.09657E-2 5.54909E-2 6.32494E-2 6.3145E-2 2.32016E-1 2.08836E-1 2.00593E-1 2.99029E-1 2.99773E-1 9.748E-2 1.31078E-1 1.30144E-1 1.30211E-1 4.57402E-1 5.72028E-1 5.30128E-1 6.13653E-1 6.14559E-1 7.13697E-1 7.1191E-1 7.12134E-1 7.11406E-1 7.29432E-1 7.29217E-1 7.28947E-1 7.94845E-1 7.79206E-1 7.94267E-1 7.84661E-1 7.85582E-1 7.95754E-1 8.18995E-1 8.19355E-1 8.13525E-1 7.88198E-1 8.58815E-1 8.58657E-1 8.51646E-1 8.50955E-1 8.58141E-1 8.57609E-1 8.64123E-1 8.98945E-1 7.10276E-1 5.21421E-1 5.98931E-1 6.34049E-1 2.66355E-1 3.29607E-1 3.18926E-1
4.78493E-2 2.22717E-2 1.91998E-2 9.666E-2 9.7401E-2 6.85334E-2 7.83766E-2 1.14511E-1 1.35903E-1 1.30513E-1 1.31072E-1 1.54196E-1 1.5441E-1 4.38227E-2 1.54481E-1 1.53912E-1 6.32494E-2 2.08611E-1 2.09062E-1 6.24192E-2 2.09558E-1 7.03093E-2 9.61955E-2 9.66049E-2 3.75692E-1 3.7582E-1 4.05669E-1 3.94478E-1 5.31284E-1 6.14688E-1 6.88265E-1 7.13418E-1 7.12916E-1 7.13864E-1 7.13585E-1 7.11182E-1 7.29593E-1 7.11014E-1 7.85398E-1 7.94445E-1 7.85536E-1 7.69538E-1 7.6886E-1 7.85766E-1 8.18509E-1 8.09639E-1 7.86175E-1 7.84888E-1 8.44648E-1 8.17848E-1 8.26818E-1 8.43704E-1 8.51197E-1 8.32638E-1 8.3241E-1 8.5664E-1 8.6907E-1 8.80355E-1 8.74223E-1 5.87964E-1 6.36363E-1 2.82363E-1 5.33943E-1
4.78493E-2 7.85553E-2 1.91998E-2 9.666E-2 9.35016E-2 7.82585E-2 9.63012E-2 1.09942E-1 1.30606E-1 1.31196E-1 1.31072E-1 1.30482E-1 1.3073E-1 1.48427E-1 1.79375E-1 1.59004E-1 1.79335E-1 1.79495E-1 2.0983E-1 2.09558E-1 2.09785E-1 2.33234E-1 2.3338E-1 9.61955E-2 3.00289E-1 3.25219E-1 4.05669E-1 3.95129E-1 4.80204E-1 5.33321E-1 6.14752E-1 6.89317E-1 6.90076E-1 7.15144E-1 7.13362E-1 7.12022E-1 7.1191E-1 7.2997E-1 7.47795E-1 8.19116E-1 8.19802E-1 7.85766E-1 7.85398E-1 7.84846E-1 8.27345E-1 8.10018E-1 8.18699E-1 8.36548E-1 8.36623E-1 8.44326E-1 8.65897E-1 8.45414E-1 8.64812E-1 8.82701E-1 8.82898E-1 8.99513E-1 8.62804E-1 8.55227E-1 8.69441E-1 8.80613E-1 9.0114E-1 4.93974E-1 4.92065E-1
4.79737E-2 5.51176E-2 7.89512E-2 2.74875E-2 7.8416E-2 7.86728E-2 7.83766E-2 7.84555E-2 7.88906E-2 1.31445E-1 1.31072E-1 1.53912E-1 1.74707E-1 1.54624E-1 1.79777E-1 1.79375E-1 1.79857E-1 2.01206E-1 2.00374E-1 6.18714E-2 6.22475E-2 7.00793E-2 8.6074E-2 9.52802E-2 3.01264E-1 3.0092E-1 3.77165E-1 4.12879E-1 4.48617E-1 5.32914E-1 5.35154E-1 6.16044E-1 6.16689E-1 6.44421E-1 7.15089E-1 7.13474E-1 7.13139E-1 7.12637E-1 7.31848E-1 7.3142E-1 7.31527E-1 8.20044E-1 8.1948E-1 8.00203E-1 8.18699E-1 8.17725E-1 8.19315E-1 8.13828E-1 8.21148E-1 8.51626E-1 8.31209E-1 8.71768E-1 8.88647E-1 8.68955E-1 8.68207E-1 5.52582E-1 7.11363E-1 5.87964E-1 5.88391E-1 9.00897E-1 8.86035E-1 8.86376E-1 8.77294E-1
5.53597E-2 4.79737E-2 5.52599E-2 9.73291E-2 6.84289E-2 6.84463E-2 7.89302E-2 9.04012E-2 1.10531E-1 1.10987E-1 1.25889E-1 1.53912E-1 2.08972E-1 1.2628E-1 1.52311E-1 1.78493E-1 1.79335E-1 1.53088E-1 2.09423E-1 2.10101E-1 2.106E-1 2.33088E-1 8.57511E-2 2.76238E-1 2.76784E-1 3.0092E-1 3.02069E-1 4.04682E-1 4.41119E-1 4.48617E-1 5.33729E-1 5.87214E-1 6.16883E-1 6.17785E-1 6.45483E-1 7.15589E-1 7.14087E-1 7.32223E-1 7.33024E-1 7.31795E-1 7.42499E-1 7.3158E-1 8.10026E-1 8.09859E-1 8.18861E-1 8.27934E-1 7.85164E-1 7.97248E-1 8.30702E-1 8.52277E-1 8.35284E-1 8.25957E-1 8.33832E-1 8.72427E-1 8.79016E-1 8.83437E-1 8.89541E-1 8.90645E-1 6.46361E-1 5.02358E-1 6.31592E-1 6.15932E-1 5.01813E-1
5.53597E-2 5.53597E-2 5.54739E-2 6.82552E-2 6.86903E-2 6.83942E-2 7.88113E-2 7.88113E-2 1.10692E-1 1.10718E-1 1.10718E-1 1.10665E-1 1.53052E-1 1.52699E-1 1.70184E-1 1.78853E-1 1.52911E-1 1.52911E-1 1.533E-1 2.00724E-1 1.803E-1 2.3338E-1 2.75638E-1 2.76129E-1 8.50628E-2 9.44228E-2 9.49263E-2 1.29481E-1 1.72426E-1 4.47335E-1 4.48752E-1 5.32914E-1 5.34E-1 6.16302E-1 6.16302E-1 7.13251E-1 7.13307E-1 7.32223E-1 7.33024E-1 7.43541E-1 7.4276E-1 7.55288E-1 8.19669E-1 7.88998E-1 8.1878E-1 8.28516E-1 8.18506E-1 8.18951E-1 8.51519E-1 8.32649E-1 8.41124E-1 8.57543E-1 8.41824E-1 8.50088E-1 8.41715E-1 8.49496E-1 8.56439E-1 8.62352E-1 9.04075E-1 6.30498E-1 5.26481E-1 5.95388E-1 3.17667E-1
5.56027E-2 4.83489E-2 5.54739E-2 7.88113E-2 5.53597E-2 7.86134E-2 7.88113E-2 7.88113E-2 7.90096E-2 1.11338E-1 1.25949E-1 1.53265E-1 1.53832E-1 1.53832E-1 1.5217E-1 2.04355E-1 1.84959E-1 1.54651E-1 1.55043E-1 1.54579E-1 1.53832E-1 2.11281E-1 6.98118E-2 8.5567E-2 8.48801E-2 8.47433E-2 9.45736E-2 3.5032E-1 1.28425E-1 4.59501E-1 4.13078E-1 4.96344E-1 5.32438E-1 5.32438E-1 6.13653E-1 6.88382E-1 7.12134E-1 6.88409E-1 7.65546E-1 8.10404E-1 7.55237E-1 7.18932E-1 7.90176E-1 7.89452E-1 7.8986E-1 8.18861E-1 8.27934E-1 8.43691E-1 8.57483E-1 8.57783E-1 8.57517E-1 8.58525E-1 8.37894E-1 8.7264E-1 8.72397E-1 8.41533E-1 8.55968E-1 8.83677E-1 8.99365E-1 9.01228E-1 5.53672E-1 3.04332E-1 3.50574E-1
5.56027E-2 5.55884E-2 6.37973E-2 5.55598E-2 5.54882E-2 5.54168E-2 7.88113E-2 7.90493E-2 9.02219E-2 1.11014E-1 1.11338E-1 1.53513E-1 1.54152E-1 1.53832E-1 1.5284E-1 2.06046E-1 2.06895E-1 2.07927E-1 1.86362E-1 1.55652E-1 2.01206E-1 2.10872E-1 7.54466E-2 8.49714E-2 8.44249E-2 8.46067E-2 9.39217E-2 3.50631E-1 1.27312E-1 1.53473E-1 4.58824E-1 2.21228E-1 2.82625E-1 5.31895E-1 6.12683E-1 7.1191E-1 7.12301E-1 7.30669E-1 8.01508E-1 8.11483E-1 8.19669E-1 7.18877E-1 7.18932E-1 7.17884E-1 7.55338E-1 8.20193E-1 8.28633E-1 8.18951E-1 8.51454E-1 8.5183E-1 8.5145E-1 8.66782E-1 8.73637E-1 8.52306E-1 8.59222E-1 8.82842E-1 8.57209E-1 8.94064E-1 8.38646E-1 6.03016E-1 5.71912E-1 6.03988E-1 6.02408E-1
5.53597E-2 5.54311E-2 5.57462E-2 5.54025E-2 5.55741E-2 5.55455E-2 7.88707E-2 9.03339E-2 9.05359E-2 1.11257E-1 1.11338E-1 1.115E-1 1.27186E-1 1.54152E-1 1.5401E-1 1.85618E-1 2.07343E-1 2.08376E-1 2.07433E-1 1.55115E-1 2.50488E-1 8.50171E-2 8.5705E-2 9.41218E-2 9.46742E-2 3.5001E-1 3.51128E-1 4.3149E-1 1.69346E-1 1.70922E-1 2.35615E-1 2.23259E-1 2.83818E-1 6.73367E-1 7.62671E-1 7.49825E-1 7.31312E-1 7.35575E-1 7.37058E-1 7.76493E-1 8.20032E-1 7.5559E-1 7.18877E-1 7.19318E-1 7.55943E-1 8.20313E-1 8.29058E-1 8.28555E-1 8.52246E-1 8.21818E-1 8.37016E-1 8.66055E-1 8.83574E-1 8.85459E-1 5.34951E-1 5.5351E-1 8.96108E-1 8.63578E-1 8.8687E-1 5.35025E-1 5.71551E-1 8.20625E-1 8.27345E-1
5.56888E-2 6.39441E-2 5.56888E-2 4.8462E-2 5.54454E-2 5.55884E-2 7.87915E-2 7.89104E-2 7.9288E-2 8.53667E-2 9.78556E-2 9.80002E-2 1.35019E-1 1.35401E-1 1.36202E-1 1.36877E-1 1.65734E-1 1.37847E-1 1.86734E-1 1.8632E-1 2.24913E-1 7.52011E-2 7.47529E-2 1.03642E-1 1.03044E-1 3.56888E-1 3.1662E-1 3.1662E-1 4.32294E-1 1.94761E-1 2.24786E-1 2.32771E-1 2.96765E-1 3.5621E-1 4.65978E-1 7.99198E-1 7.77211E-1 7.46709E-1 7.18203E-1 7.36952E-1 8.11524E-1 7.54682E-1 7.18767E-1 7.90312E-1 7.90131E-1 8.1983E-1 8.29252E-1 8.20121E-1 7.97688E-1 8.29919E-1 5.87306E-1 5.84598E-1 5.17966E-1 7.99979E-1 7.64596E-1 4.87372E-1 5.06006E-1 8.17823E-1 7.76106E-1 5.53122E-1 5.66638E-1 8.66199E-1 8.27477E-1
5.58468E-2 5.60341E-2 5.58756E-2 5.57893E-2 5.59188E-2 5.57749E-2 7.90891E-2 7.89104E-2 7.93278E-2 6.94093E-2 9.79279E-2 9.77593E-2 1.34637E-1 1.34764E-1 1.53619E-1 1.86859E-1 1.86362E-1 1.86279E-1 1.65734E-1 1.87066E-1 1.8632E-1 3.24119E-1 3.22448E-1 1.1485E-1 1.24676E-1 3.14675E-1 3.43165E-1 3.44396E-1 3.69102E-1 4.84787E-1 2.21633E-1 2.31305E-1 3.11054E-1 3.57774E-1 4.11375E-1 7.304E-1 6.86534E-1 6.65714E-1 7.15328E-1 7.7654E-1 7.88323E-1 7.54076E-1 7.64974E-1 7.53519E-1 8.28128E-1 7.54985E-1 8.29406E-1 8.20724E-1 8.0591E-1 8.13147E-1 8.53368E-1 8.88607E-1 8.31399E-1 4.53872E-1 5.01646E-1 6.15556E-1 5.99732E-1 5.64762E-1 5.81358E-1 6.14914E-1 5.81072E-1 7.72363E-1 8.2771E-1
6.52797E-2 5.61063E-2 5.56888E-2 5.60341E-2 5.61063E-2 5.58756E-2 7.65922E-2 5.5962E-2 7.97473E-2 6.96388E-2 6.98512E-2 9.78556E-2 9.78315E-2 1.35433E-1 1.54579E-1 1.54758E-1 1.86362E-1 1.86279E-1 1.86734E-1 1.87232E-1 1.8632E-1 2.464E-1 3.24059E-1 4.02561E-1 4.03742E-1 3.93161E-1 3.94268E-1 3.45876E-1 3.22571E-1 4.22054E-1 5.04341E-1 5.98381E-1 5.98381E-1 5.62914E-1 6.1996E-1 6.89812E-1 7.01554E-1 6.29662E-1 7.16343E-1 7.46123E-1 7.44206E-1 8.17766E-1 5.1893E-1 5.35566E-1 7.87819E-1 7.54682E-1 7.55641E-1 8.30061E-1 8.38372E-1 8.22316E-1 8.65434E-1 8.01198E-1 8.32935E-1 7.64449E-1 5.20857E-1 5.51361E-1 6.2832E-1 5.17221E-1 7.34766E-1 5.94982E-1 7.02615E-1 7.81121E-1 7.68159E-1
6.56636E-2 5.60919E-2 5.57605E-2 5.6222E-2 4.87269E-2 5.58612E-2 6.65828E-2 1.11517E-1 6.91279E-2 7.0082E-2 8.01889E-2 9.80002E-2 1.35561E-1 1.35721E-1 1.3691E-1 1.36523E-1 1.36716E-1 1.86652E-1 1.87274E-1 2.09459E-1 2.47974E-1 2.4772E-1 2.48381E-1 3.15382E-1 3.42735E-1 3.93747E-1 3.94268E-1 4.25452E-1 3.72922E-1 4.24452E-1 4.76109E-1 5.06591E-1 5.61836E-1 6.17656E-1 6.23297E-1 7.048E-1 6.69166E-1 7.70678E-1 6.30235E-1 7.57511E-1 7.5448E-1 5.32935E-1 5.19223E-1 5.35858E-1 4.68986E-1 7.30188E-1 7.66149E-1 8.2983E-1 8.30318E-1 8.21877E-1 8.5909E-1 8.245E-1 7.64743E-1 5.30433E-1 7.7934E-1 7.51978E-1 5.17807E-1 6.80655E-1 6.57037E-1 4.85622E-1 7.43533E-1 7.98285E-1 8.2736E-1
8.17317E-2 5.61786E-2 5.58468E-2 4.88916E-2 3.93439E-2 5.58612E-2 7.92692E-2 9.11806E-2 7.94275E-2 6.98158E-2 6.97626E-2 9.78315E-2 9.80243E-2 1.35977E-1 1.36942E-1 1.55329E-1 1.54579E-1 1.87066E-1 2.09775E-1 2.2428E-1 2.47974E-1 2.48789E-1 3.18631E-1 3.17625E-1 3.94138E-1 4.23652E-1 4.25252E-1 4.26186E-1 4.25985E-1 4.24985E-1 4.77607E-1 4.80535E-1 5.92033E-1 6.18107E-1 7.13474E-1 7.16088E-1 7.47361E-1 7.26983E-1 6.42896E-1 7.45709E-1 7.66296E-1 5.13208E-1 4.86958E-1 5.35274E-1 5.3235E-1 7.53772E-1 7.66052E-1 7.57048E-1 7.98349E-1 8.14999E-1 8.36936E-1 8.88672E-1 8.84737E-1 8.01965E-1 8.40776E-1 8.10327E-1 7.19925E-1 7.22169E-1 6.80537E-1 7.4965E-1 7.68887E-1 7.68149E-1 8.199E-1
7.1355E-2 5.62944E-2 5.61497E-2 4.89932E-2 4.89932E-2 5.56601E-2 7.9329E-2 9.08872E-2 6.43371E-2 6.96918E-2 8.02493E-2 9.829E-2 1.11716E-1 1.36138E-1 1.37071E-1 1.55688E-1 1.87149E-1 1.87564E-1 2.09278E-1 2.48891E-1 3.18572E-1 3.19223E-1 3.45876E-1 3.45752E-1 3.95441E-1 4.25719E-1 4.26719E-1 4.26319E-1 3.97334E-1 4.26653E-1 4.79649E-1 4.80058E-1 5.39902E-1 5.90319E-1 6.89785E-1 7.27024E-1 7.27943E-1 7.37327E-1 6.57484E-1 7.47225E-1 7.00696E-1 8.18172E-1 4.69863E-1 4.70449E-1 4.9583E-1 7.54531E-1 7.54581E-1 7.45151E-1 8.22045E-1 7.72975E-1 8.20273E-1 8.59973E-1 7.53467E-1 8.25457E-1 8.49817E-1 8.69348E-1 8.4008E-1 8.76023E-1 8.12666E-1 8.46811E-1 8.46067E-1 8.19617E-1 8.10706E-1
