Penelope_albipennis_1_MRI-ESM2-0_ssp585_2081-2100.asc
ncols         370
nrows         575
xllcorner     -81.9
yllcorner     -7.9916666475
cellsize      0.00833333329999999
NODATA_value  -9999
[rows 196 to 223 of 575, columns 189 to 251 of 370]
5.34272E-1 5.74831E-1 2.86933E-1 2.86572E-1 2.4574E-1 2.43677E-1 2.45413E-1 2.42057E-1 5.28413E-1 5.26713E-1 6.01525E-1 2.43677E-1 5.72028E-1 5.71293E-1 2.47705E-1 2.10455E-1 2.9654E-1 2.97767E-1 3.23399E-1 3.99458E-1 3.5004E-1 6.92018E-1 3.9521E-1 7.60221E-1 7.98445E-1 8.16327E-1 4.73909E-1 4.24024E-1 4.33835E-1 3.46204E-1 3.77829E-1 2.2394E-1 2.96877E-1 2.21942E-1 1.79251E-1 2.27491E-1 2.32878E-1 2.52278E-1 2.39142E-1 7.27332E-2 7.35154E-2 7.73784E-2 0E0 0E0 1.91231E-2 7.58049E-3 8.35718E-4 7.92917E-4 9.83815E-4 3.13946E-3 9.47431E-3 2.16728E-3 5.75118E-4 2.11411E-4 2.27241E-4 9.45224E-5 1.01733E-4 2.24102E-4 3.0576E-4 4.99726E-4 1.7423E-3 2.00269E-3 3.07606E-3
5.3305E-1 6.24471E-1 2.85373E-1 2.87895E-1 2.62902E-1 2.45413E-1 2.45196E-1 2.23565E-1 5.26373E-1 5.7984E-1 5.79175E-1 5.72629E-1 2.48691E-1 2.48911E-1 2.49351E-1 2.49791E-1 2.97644E-1 3.23656E-1 3.98472E-1 7.35975E-1 7.12751E-1 7.15636E-1 4.4076E-1 5.28389E-1 5.64268E-1 4.26347E-1 4.30524E-1 5.30335E-1 4.2309E-1 4.5003E-1 2.5719E-1 2.88783E-1 2.79251E-1 7.95839E-2 2.35987E-1 2.41247E-1 2.87579E-1 3.0837E-1 2.40991E-1 7.43052E-2 7.67219E-2 1.03445E-1 0E0 0E0 0E0 2.7243E-3 2.29339E-3 1.99683E-3 6.28784E-3 8.36829E-3 8.69834E-3 5.10625E-3 1.32644E-3 4.15112E-4 4.69518E-4 4.76582E-4 1.49153E-4 3.88182E-4 2.30315E-4 6.12339E-4 1.32339E-3 2.00846E-3 2.91121E-4
5.03659E-1 6.26452E-1 2.86092E-1 2.89222E-1 2.27464E-1 2.25816E-1 2.45413E-1 5.73096E-1 5.26849E-1 5.28209E-1 5.56578E-1 5.56308E-1 2.46394E-1 2.47814E-1 2.47595E-1 2.12021E-1 2.74383E-1 3.40065E-1 4.14056E-1 6.92746E-1 7.15871E-1 7.27497E-1 7.2285E-1 5.42561E-1 3.99606E-1 4.96772E-1 5.06943E-1 6.12568E-1 5.48766E-1 5.35599E-1 3.44964E-1 2.87002E-1 2.0043E-1 2.15266E-1 2.89265E-1 3.00401E-1 3.04064E-1 2.51188E-1 2.50915E-1 2.59723E-1 1.36168E-1 0E0 0E0 0E0 1.00609E-3 2.23719E-3 5.69834E-3 5.17276E-3 1.77389E-2 2.44378E-2 1.58486E-2 1.00542E-2 9.96145E-4 3.28278E-4 3.4332E-4 3.39363E-4 2.79553E-4 5.19221E-4 3.80817E-4 4.00303E-4 7.40424E-4 2.73529E-4 2.62603E-4
5.02567E-1 5.32574E-1 5.80505E-1 2.26639E-1 2.27773E-1 2.48143E-1 2.24689E-1 2.45849E-1 2.45958E-1 5.25624E-1 6.07932E-1 5.56174E-1 5.72295E-1 6.00282E-1 2.48362E-1 2.12021E-1 2.13299E-1 2.76728E-1 2.99228E-1 2.76446E-1 6.79393E-1 7.56306E-1 7.49972E-1 7.74865E-1 4.74145E-1 4.97653E-1 4.744E-1 4.4697E-1 3.37156E-1 3.39425E-1 2.63792E-1 4.51484E-1 3.78519E-1 2.26466E-1 2.31836E-1 2.24452E-1 1.81606E-1 1.83551E-1 2.49557E-1 2.59167E-1 0E0 0E0 0E0 1.1367E-3 9.40737E-4 2.34288E-3 2.84968E-3 2.53375E-3 8.91715E-3 1.03861E-2 5.42047E-3 3.20542E-3 7.9723E-4 6.28163E-4 2.67855E-4 2.80948E-4 2.27369E-4 1.84189E-4 3.98842E-4 6.76114E-4 4.76074E-4 1.87268E-4 6.94412E-4
5.02431E-1 5.02567E-1 5.02226E-1 4.95458E-1 2.24791E-1 2.26845E-1 2.21633E-1 2.25611E-1 2.49901E-1 2.47595E-1 5.2576E-1 5.26101E-1 5.2576E-1 4.78774E-1 5.25896E-1 1.9257E-1 2.74734E-1 3.44221E-1 2.98859E-1 7.12751E-1 7.195E-1 7.73352E-1 7.74117E-1 8.06694E-1 8.28782E-1 4.78751E-1 3.8087E-1 4.92553E-1 3.18E-1 2.49251E-1 3.56069E-1 2.93159E-1 4.0016E-1 2.14289E-1 1.61159E-1 1.7692E-1 1.24864E-1 4.68789E-2 1.85293E-1 2.42052E-1 0E0 0E0 0E0 0E0 3.18203E-3 3.74431E-3 3.98387E-3 3.35085E-3 3.73003E-3 4.09684E-3 4.44506E-3 1.31772E-3 2.79195E-4 2.19035E-4 2.23998E-4 1.25377E-4 1.09165E-4 1.12092E-4 2.62031E-4 2.18706E-4 2.57614E-4 2.17079E-4 6.37061E-4
4.7162E-1 5.01817E-1 5.0209E-1 5.43122E-1 2.23565E-1 2.23259E-1 5.73096E-1 2.48801E-1 2.91279E-1 2.89584E-1 6.24535E-1 5.55904E-1 5.26509E-1 5.08025E-1 5.2576E-1 2.50562E-1 2.73215E-1 3.45814E-1 3.72184E-1 7.03719E-1 7.60117E-1 8.06551E-1 7.94688E-1 7.88516E-1 8.31339E-1 8.16026E-1 7.83848E-1 5.0665E-1 4.92406E-1 3.6708E-1 6.75409E-1 2.92065E-1 3.2025E-1 2.75828E-1 2.91461E-1 4.19782E-1 3.14463E-1 1.69753E-1 1.74289E-1 2.33395E-1 3.22435E-1 0E0 0E0 3.57078E-2 5.16213E-3 1.13201E-2 2.58262E-3 2.05334E-3 4.06214E-3 4.34683E-3 2.72335E-3 8.35683E-4 1.74964E-4 1.3595E-4 7.31318E-5 6.98476E-5 5.75206E-5 6.3057E-5 1.2491E-4 1.40151E-4 1.66733E-4 1.06731E-4 1.16937E-4
4.71144E-1 4.71892E-1 4.99566E-1 2.66561E-1 2.29743E-1 2.68518E-1 2.86212E-1 2.89826E-1 2.90915E-1 2.86332E-1 6.0624E-1 6.06891E-1 5.89654E-1 5.61235E-1 5.89654E-1 6.49264E-1 3.43824E-1 3.44752E-1 3.72184E-1 7.7481E-1 7.9027E-1 7.81324E-1 7.55349E-1 7.78825E-1 8.22537E-1 8.39329E-1 5.0987E-1 3.61347E-1 4.27066E-1 8.16408E-1 8.11333E-1 3.95739E-1 3.98271E-1 3.48068E-1 1.52199E-1 1.537E-1 1.66112E-1 1.33516E-1 1.42618E-1 1.84856E-1 2.37303E-1 2.42317E-1 2.59445E-1 2.64201E-1 2.75322E-1 1.15117E-1 1.05605E-2 0E0 0E0 5.13814E-4 7.01795E-4 5.24694E-4 1.39953E-4 9.90084E-5 1.05586E-4 7.79906E-5 7.72772E-5 7.79246E-5 6.47647E-5 6.53626E-5 7.64144E-5 7.44097E-5 9.58642E-5
4.71144E-1 5.55311E-1 5.48887E-1 2.64499E-1 2.67596E-1 2.94442E-1 2.92372E-1 3.36794E-1 6.96558E-1 6.97019E-1 6.81068E-1 6.8172E-1 6.39153E-1 5.89258E-1 5.89324E-1 6.48518E-1 3.43559E-1 3.70813E-1 3.9468E-1 3.72184E-1 4.00585E-1 7.43136E-1 7.54491E-1 7.93081E-1 7.88061E-1 6.08681E-1 8.63432E-1 8.46494E-1 8.06254E-1 8.07841E-1 8.28139E-1 4.11519E-1 3.21786E-1 3.73185E-1 1.73365E-1 2.20446E-1 2.36771E-1 2.24704E-1 2.40189E-1 3.02229E-1 1.85949E-1 1.86827E-1 1.89259E-1 1.94194E-1 7.33878E-2 2.06958E-1 9.42833E-2 2.19521E-2 3.29821E-3 4.36566E-4 3.68397E-4 2.80448E-4 5.33504E-4 1.64372E-4 1.3129E-4 1.289E-4 9.71644E-5 8.54971E-5 3.71189E-5 8.23417E-5 1.73493E-4 8.69055E-5 9.98684E-5
5.23383E-1 5.5457E-1 5.53761E-1 5.53086E-1 5.53221E-1 6.26466E-1 3.63599E-1 6.71143E-1 6.97365E-1 6.54909E-1 6.8172E-1 6.81424E-1 6.38145E-1 6.38964E-1 6.38523E-1 7.45129E-1 7.42999E-1 7.42269E-1 3.46479E-1 3.49545E-1 3.73558E-1 4.22239E-1 7.53151E-1 7.42615E-1 7.59746E-1 6.098E-1 8.11543E-1 7.98928E-1 7.9805E-1 8.1974E-1 5.15027E-1 4.2587E-1 3.60836E-1 2.10896E-1 3.50518E-1 3.58136E-1 3.64483E-1 3.68517E-1 3.04064E-1 3.05905E-1 1.8442E-1 1.75124E-1 1.78708E-1 1.79986E-1 5.68354E-2 7.37024E-2 1.12787E-1 2.10206E-2 1.73186E-3 9.71201E-4 9.96503E-4 8.61644E-4 7.04222E-4 5.1603E-4 1.64372E-4 2.96089E-4 2.42127E-4 6.85756E-5 6.65696E-5 1.84863E-4 1.77323E-4 1.92277E-4 2.00452E-4
5.2209E-1 5.52142E-1 5.53626E-1 5.53154E-1 5.52817E-1 5.82511E-1 6.30554E-1 5.80585E-1 7.00131E-1 7.24632E-1 7.24904E-1 6.85213E-1 7.09329E-1 7.10565E-1 7.10453E-1 6.65559E-1 7.21728E-1 3.43559E-1 3.48744E-1 3.52698E-1 3.25088E-1 3.79012E-1 4.32408E-1 4.38128E-1 7.68792E-1 5.78165E-1 8.38702E-1 8.3071E-1 8.07868E-1 8.02933E-1 4.10098E-1 3.75346E-1 4.28909E-1 4.69544E-1 3.32492E-1 2.73268E-1 2.9375E-1 4.55266E-1 2.86395E-1 2.38607E-1 1.62958E-1 1.73457E-1 1.67551E-1 1.77014E-1 6.43711E-2 1.03231E-1 2.88538E-2 4.83302E-3 2.36282E-3 9.5517E-4 8.5874E-4 3.3976E-4 4.07302E-4 8.4742E-4 5.67716E-4 4.01249E-4 2.98565E-4 2.04485E-4 1.185E-4 1.55201E-4 1.72948E-4 1.0362E-4 1.10504E-4
4.97998E-1 5.81581E-1 5.83837E-1 5.82444E-1 5.53221E-1 6.31443E-1 6.30617E-1 6.31316E-1 6.57874E-1 6.59346E-1 6.59101E-1 6.85918E-1 7.09666E-1 7.10284E-1 7.10901E-1 6.65255E-1 6.15257E-1 2.72516E-1 3.02317E-1 3.01327E-1 2.79559E-1 3.5176E-1 4.52148E-1 3.72022E-1 7.38844E-1 8.13974E-1 8.30826E-1 8.03293E-1 8.07995E-1 8.19619E-1 4.3287E-1 2.67179E-1 3.31972E-1 3.50547E-1 3.57167E-1 2.25707E-1 2.28757E-1 3.56806E-1 2.90756E-1 1.77765E-1 1.60407E-1 1.69753E-1 1.37931E-1 1.77436E-1 6.38173E-2 7.43052E-2 1.51284E-1 5.84977E-3 0E0 3.27665E-4 8.38629E-4 3.00891E-4 8.51622E-4 4.18683E-4 3.82839E-4 2.29237E-4 1.32502E-4 9.62757E-5 5.59091E-5 1.58107E-4 1.59127E-4 9.71644E-5 4.79346E-5
4.1442E-1 4.68222E-1 5.00453E-1 5.53221E-1 5.53221E-1 5.81648E-1 5.82112E-1 5.82842E-1 5.80585E-1 6.09311E-1 6.58733E-1 6.59897E-1 6.38964E-1 6.4041E-1 6.6653E-1 5.87738E-1 5.87077E-1 2.31851E-1 2.75437E-1 3.02565E-1 2.78378E-1 3.52295E-1 4.53458E-1 8.01799E-1 7.56758E-1 8.26713E-1 8.35617E-1 8.03638E-1 8.23739E-1 4.77572E-1 2.4871E-1 3.26218E-1 3.15375E-1 2.71166E-1 2.89974E-1 2.08497E-1 4.04822E-1 2.29524E-1 2.85707E-1 1.56164E-1 3.65259E-1 1.25657E-1 1.63155E-1 1.85293E-1 6.82271E-2 7.51029E-2 1.13353E-1 1.40934E-2 1.54141E-3 4.08288E-4 2.83502E-4 3.16996E-4 3.14097E-4 3.55731E-4 4.22825E-4 2.834E-4 2.21154E-4 1.3009E-4 9.98803E-5 2.3363E-4 1.09539E-4 1.07499E-4 1.07499E-4
4.31108E-1 3.86735E-1 4.14486E-1 4.69921E-1 4.6863E-1 4.69037E-1 4.98884E-1 5.52277E-1 5.80187E-1 5.81117E-1 5.81847E-1 5.82776E-1 6.12618E-1 5.6016E-1 5.35826E-1 5.34944E-1 5.88663E-1 5.51657E-1 2.7532E-1 3.03681E-1 2.79559E-1 6.66323E-1 7.35869E-1 8.01625E-1 7.93528E-1 7.8652E-1 7.97874E-1 8.07953E-1 5.65423E-1 2.33621E-1 2.47899E-1 2.48981E-1 5.1076E-1 4.28404E-1 2.59965E-1 2.20936E-1 3.7921E-1 2.03933E-1 2.09871E-1 3.61997E-1 3.15097E-1 1.32848E-1 1.73043E-1 6.95314E-2 9.69953E-2 1.10599E-1 1.07805E-1 1.06305E-2 0E0 3.87998E-4 2.8091E-4 2.73273E-4 3.31897E-4 3.85406E-4 4.5574E-4 4.34639E-4 3.13538E-4 1.7862E-4 1.289E-4 3.02018E-4 3.27205E-4 2.94567E-4 1.31291E-4
2.77842E-1 3.08996E-1 3.85765E-1 3.86606E-1 4.69037E-1 4.69309E-1 4.67679E-1 4.68086E-1 4.98611E-1 4.98884E-1 4.98134E-1 5.52399E-1 5.59689E-1 4.76391E-1 5.06115E-1 5.28199E-1 5.53006E-1 5.85753E-1 3.17459E-1 2.745E-1 5.97792E-1 6.6699E-1 7.36611E-1 7.72203E-1 7.72586E-1 7.88289E-1 5.47616E-1 8.27462E-1 4.08467E-1 2.60711E-1 4.91819E-1 5.23966E-1 4.63504E-1 4.11594E-1 1.94239E-1 4.30348E-1 4.31357E-1 1.68645E-1 1.59018E-1 3.11432E-1 1.23134E-1 6.15124E-2 6.83463E-2 9.36127E-2 3.03553E-2 3.3035E-2 2.22253E-2 4.02175E-3 3.18494E-3 9.50529E-4 4.0916E-4 4.03723E-4 4.09984E-4 7.26397E-4 3.72452E-4 9.74558E-4 7.01795E-4 6.22177E-4 3.9135E-4 9.13977E-4 9.13977E-4 3.7853E-4 1.289E-4
2.7839E-1 2.41969E-1 3.10396E-1 3.37469E-1 3.1221E-1 3.88808E-1 4.15612E-1 4.69921E-1 4.68698E-1 4.99225E-1 5.29041E-1 5.76447E-1 5.28837E-1 5.58478E-1 5.05433E-1 5.05229E-1 5.87341E-1 5.58007E-1 6.04676E-1 5.98776E-1 5.98513E-1 6.27148E-1 6.99767E-1 7.32272E-1 7.72538E-1 7.71304E-1 5.06486E-1 4.31428E-1 3.93763E-1 4.61751E-1 3.87402E-1 4.61167E-1 4.9818E-1 4.99502E-1 4.3369E-1 4.8285E-1 2.0683E-1 3.79764E-1 3.23584E-1 3.76213E-1 1.68127E-1 8.8086E-2 1.2933E-1 1.40922E-1 2.20329E-2 1.2765E-2 1.53242E-2 9.26676E-3 9.67955E-3 4.65416E-3 1.80272E-3 2.11155E-3 1.0912E-3 4.20592E-4 9.15477E-4 9.77511E-4 8.71612E-4 8.37501E-4 1.46601E-3 1.11737E-3 1.09046E-3 9.41671E-4 3.61381E-4
1.61885E-1 1.82464E-1 2.41719E-1 2.4242E-1 3.10864E-1 3.11741E-1 3.36067E-1 3.87318E-1 4.16341E-1 4.16275E-1 4.98543E-1 5.47333E-1 4.9827E-1 5.27817E-1 5.56728E-1 5.5693E-1 5.04342E-1 5.04547E-1 5.58142E-1 5.57671E-1 5.99759E-1 5.86349E-1 6.8359E-1 7.7273E-1 7.32753E-1 7.5482E-1 5.50525E-1 4.57338E-1 4.28504E-1 8.56807E-1 8.35246E-1 8.72613E-1 8.5932E-1 7.64409E-1 4.01422E-1 2.39635E-1 2.44148E-1 3.3473E-1 3.22941E-1 1.42535E-1 1.64116E-1 8.53445E-2 1.73214E-1 1.34886E-1 6.89643E-2 8.87133E-2 9.46702E-2 1.01324E-1 1.08473E-1 2.29458E-2 1.1608E-2 5.57588E-3 1.48669E-3 9.875E-4 9.70392E-4 8.10139E-4 1.92708E-3 2.12978E-3 1.92474E-3 1.78441E-3 1.42515E-3 1.06051E-3 3.69191E-4
1.63547E-1 1.61737E-1 1.82138E-1 2.41919E-1 2.43122E-1 3.09288E-1 1.43921E-1 1.59521E-1 5.10409E-1 4.62572E-1 4.15414E-1 4.99293E-1 4.99293E-1 4.98134E-1 5.74714E-1 6.0435E-1 4.74282E-1 4.69028E-1 5.5794E-1 6.04546E-1 5.98776E-1 6.75758E-1 7.60216E-1 7.72442E-1 7.32165E-1 7.60243E-1 7.77768E-1 8.23916E-1 8.31134E-1 8.50153E-1 8.50743E-1 8.77495E-1 7.43897E-1 3.86427E-1 2.46552E-1 2.66896E-1 2.26629E-1 3.40611E-1 4.00514E-1 3.73735E-1 1.63918E-1 8.46266E-2 2.44977E-1 2.34173E-1 1.75752E-1 6.69184E-2 6.23172E-2 6.89643E-2 7.82063E-2 1.09144E-1 1.51504E-1 8.69268E-3 3.26539E-3 2.20812E-3 1.09029E-3 7.44764E-4 2.0455E-3 1.89856E-3 2.06722E-3 1.91652E-3 1.88217E-3 1.44657E-3 6.11904E-4
3.96547E-2 4.85879E-2 2.21037E-1 2.47529E-1 1.06795E-1 1.31296E-1 1.46988E-1 1.46106E-1 1.61818E-1 1.59836E-1 4.62029E-1 4.17204E-1 4.17071E-1 4.75507E-1 4.7401E-1 5.27749E-1 5.52062E-1 4.74622E-1 5.71026E-1 6.49388E-1 6.48704E-1 6.74082E-1 7.41642E-1 7.1994E-1 7.32753E-1 8.17572E-1 8.26947E-1 8.27337E-1 8.43787E-1 8.42942E-1 8.66289E-1 8.00415E-1 3.86427E-1 2.85965E-1 2.47899E-1 4.64306E-1 4.32737E-1 3.40348E-1 4.52503E-1 2.11862E-1 2.21692E-1 2.90756E-1 2.40189E-1 1.70571E-1 1.25657E-1 1.28548E-1 1.79133E-1 2.30748E-1 2.47134E-1 1.4624E-1 2.68394E-2 5.51249E-3 3.3087E-3 9.16241E-4 9.91916E-4 4.52665E-4 5.79663E-4 1.08125E-3 7.68673E-4 7.62302E-4 9.50529E-4 8.74626E-4 8.61644E-4
2.27198E-2 4.02404E-2 5.71455E-2 8.02961E-2 9.11003E-2 1.10204E-1 1.094E-1 1.47504E-1 1.46179E-1 1.61898E-1 4.08653E-1 4.16408E-1 4.17071E-1 4.46728E-1 4.4565E-1 4.75711E-1 4.74486E-1 5.69956E-1 5.70291E-1 5.70491E-1 5.70023E-1 6.48393E-1 6.74681E-1 7.2038E-1 6.97655E-1 8.18303E-1 8.35201E-1 7.75032E-1 8.26791E-1 8.38302E-1 4.81537E-1 4.97093E-1 2.83018E-1 3.15806E-1 4.32499E-1 7.33052E-1 6.80053E-1 5.03528E-1 2.69453E-1 2.81588E-1 2.67272E-1 2.03933E-1 1.63918E-1 3.77869E-1 3.17511E-1 1.75962E-1 9.63906E-2 1.49808E-1 1.60724E-1 6.43532E-3 7.55078E-3 1.65701E-3 8.90206E-4 7.5738E-4 7.70728E-4 9.14241E-4 6.78911E-4 6.46101E-4 3.31897E-4 2.92711E-4 3.00891E-4 8.21599E-4 1.52222E-4
2.18742E-2 3.00525E-2 4.58045E-2 6.43563E-2 8.54914E-2 9.08088E-2 1.09686E-1 1.094E-1 1.21396E-1 1.62457E-1 4.26345E-1 3.36493E-1 3.63781E-1 4.46324E-1 4.45178E-1 4.44774E-1 4.74486E-1 5.68886E-1 5.40007E-1 5.7009E-1 5.68886E-1 6.47647E-1 6.9948E-1 7.42321E-1 7.38925E-1 8.15683E-1 8.25864E-1 8.27103E-1 8.44914E-1 8.23202E-1 8.42416E-1 4.29517E-1 4.48206E-1 3.8587E-1 8.65954E-1 7.99542E-1 2.33621E-1 3.11015E-1 4.01513E-1 3.36159E-1 4.56727E-1 3.66165E-1 3.52346E-1 3.52614E-1 3.79804E-1 1.61973E-1 1.76593E-1 3.25288E-1 6.32597E-3 6.93125E-3 1.56105E-3 1.86021E-3 8.36713E-3 1.77617E-2 1.31607E-2 4.60376E-3 1.68764E-3 5.74364E-4 2.2771E-4 1.24412E-4 1.32144E-4 1.44877E-4 1.51107E-4
1.71933E-2 2.54607E-2 3.20125E-2 4.52683E-2 8.48962E-2 7.98202E-2 7.88761E-2 1.08658E-1 1.08829E-1 1.08317E-1 1.60231E-1 1.60468E-1 4.27947E-1 3.65804E-1 4.45043E-1 4.44302E-1 5.41023E-1 2.49021E-1 5.40413E-1 2.29016E-1 2.30055E-1 2.72982E-1 6.74082E-1 7.22749E-1 6.83944E-1 7.62908E-1 7.53124E-1 7.941E-1 8.45891E-1 4.75903E-1 5.45196E-1 8.49918E-1 8.58924E-1 8.52497E-1 8.52325E-1 4.2966E-1 5.83217E-1 5.62162E-1 6.3133E-1 6.07735E-1 4.17296E-1 3.59849E-1 2.96947E-1 3.38279E-1 3.64034E-1 3.81466E-1 1.72629E-1 2.27933E-1 3.26879E-1 1.59151E-1 3.55953E-3 1.45741E-3 2.11859E-1 1.55704E-1 1.57227E-1 1.20442E-2 3.48135E-3 9.4359E-4 2.44108E-4 2.59484E-4 1.30422E-4 1.73333E-4 1.27126E-4
9.75851E-3 2.3074E-2 2.36059E-2 3.9212E-2 5.7019E-2 5.63281E-2 7.81536E-2 8.91256E-2 1.21083E-1 1.07921E-1 1.2046E-1 1.33234E-1 4.24811E-1 3.6315E-1 3.63908E-1 4.9273E-1 5.41091E-1 2.27773E-1 2.28912E-1 2.29639E-1 2.29743E-1 2.51004E-1 6.74202E-1 6.59568E-1 7.32967E-1 7.73782E-1 7.94635E-1 8.16189E-1 8.27463E-1 8.11876E-1 8.42163E-1 8.42633E-1 8.65516E-1 8.50674E-1 8.82842E-1 8.16952E-1 4.67475E-1 5.61872E-1 6.7865E-1 6.20207E-1 4.52859E-1 7.30375E-1 3.41932E-1 3.59578E-1 3.77592E-1 4.64315E-1 2.1815E-1 2.14577E-1 2.44718E-1 2.00158E-1 3.44378E-3 3.92476E-3 1.54193E-1 2.58342E-1 1.98657E-1 3.33057E-3 6.04039E-3 5.81712E-3 2.07704E-3 4.22147E-3 5.19168E-4 2.34132E-4 4.83014E-4
1.0618E-2 1.53296E-2 2.0744E-2 2.97734E-2 3.98116E-2 6.4905E-2 5.57687E-2 7.95187E-2 7.92182E-2 1.20522E-1 1.20149E-1 1.18421E-1 4.26411E-1 4.09049E-1 4.61758E-1 4.91229E-1 2.29951E-1 2.29431E-1 2.50562E-1 2.4375E-1 2.43209E-1 3.08668E-1 3.43956E-1 6.58035E-1 6.75005E-1 7.02312E-1 7.87389E-1 7.60221E-1 7.97186E-1 8.06865E-1 8.02862E-1 8.43411E-1 8.50951E-1 8.77977E-1 8.78161E-1 4.81357E-1 5.67137E-1 6.64417E-1 6.79034E-1 6.17574E-1 4.80995E-1 7.71417E-1 3.93413E-1 4.01925E-1 4.35685E-1 5.32085E-1 2.70411E-1 2.33914E-1 3.79702E-1 4.45061E-2 1.73212E-2 2.13749E-1 2.58342E-1 2.24498E-1 2.59732E-1 1.62577E-1 1.53292E-1 2.89126E-2 1.30343E-2 2.31773E-2 1.16983E-2 1.05139E-3 2.74632E-4
1.25277E-2 1.81102E-2 1.96629E-2 2.79945E-2 1.34658E-1 4.58861E-2 5.63593E-2 5.65784E-2 8.45148E-2 8.36102E-2 1.20149E-1 1.19097E-1 3.79624E-1 4.54086E-1 2.09318E-1 2.30888E-1 2.29951E-1 2.30159E-1 2.64144E-1 3.10174E-1 2.85214E-1 3.08919E-1 3.18478E-1 6.58342E-1 6.75663E-1 7.15506E-1 7.17484E-1 7.61237E-1 7.56849E-1 8.26908E-1 8.43931E-1 8.35954E-1 8.46232E-1 8.69394E-1 5.42427E-1 3.83367E-1 5.66849E-1 5.83931E-1 5.31013E-1 5.00618E-1 4.03966E-1 7.51913E-1 3.75621E-1 4.2251E-1 4.19297E-1 5.28135E-1 4.77891E-1 2.84917E-1 3.96923E-1 4.04571E-1 3.9447E-1 2.47943E-1 2.29978E-1 1.7204E-1 1.84299E-1 1.86047E-1 2.39864E-1 1.49438E-1 1.45091E-1 1.18933E-1 6.58083E-3 1.93004E-3 1.24175E-3
1.05564E-2 1.4451E-2 2.08637E-2 2.43474E-2 3.43224E-2 4.01498E-2 4.59118E-2 5.70506E-2 6.03274E-2 8.38524E-2 9.49657E-2 1.20149E-1 1.45521E-1 1.77256E-1 2.1078E-1 2.3141E-1 2.31514E-1 2.84855E-1 3.09671E-1 3.10048E-1 3.10048E-1 2.91522E-1 6.94652E-1 6.79288E-1 6.84416E-1 7.22573E-1 7.34778E-1 7.74831E-1 8.19032E-1 8.18425E-1 8.27843E-1 8.03939E-1 8.23321E-1 8.49694E-1 8.84557E-1 4.34595E-1 5.66416E-1 4.68938E-1 4.67914E-1 7.99073E-1 8.91001E-1 7.99205E-1 5.50558E-1 4.53513E-1 4.84187E-1 5.01839E-1 5.28281E-1 5.49012E-1 2.95555E-1 3.80385E-1 4.77601E-1 2.87293E-1 2.14822E-1 1.68157E-1 1.70806E-1 1.72866E-1 2.20491E-1 2.3645E-1 2.49566E-1 2.65055E-1 3.22935E-2 4.05059E-3 1.58434E-3
1.64023E-2 1.63455E-2 2.36873E-2 2.21234E-2 2.42082E-2 3.70082E-2 3.97751E-2 5.68298E-2 5.67983E-2 6.86001E-2 9.48143E-2 1.21021E-1 1.45156E-1 1.77342E-1 2.12348E-1 2.72226E-1 2.95175E-1 2.68749E-1 2.93345E-1 3.10048E-1 3.09671E-1 3.08167E-1 3.65504E-1 3.92156E-1 7.05706E-1 6.66105E-1 7.46784E-1 7.99373E-1 8.18708E-1 8.18384E-1 7.93921E-1 8.15698E-1 8.38666E-1 8.46906E-1 8.70105E-1 4.132E-1 4.35317E-1 7.14953E-1 4.33008E-1 8.36491E-1 8.83404E-1 8.38915E-1 5.32622E-1 6.7929E-1 6.21728E-1 6.07315E-1 5.42167E-1 6.13183E-1 3.46449E-1 5.04949E-1 4.58574E-1 5.40704E-1 4.53742E-1 3.84242E-1 3.7141E-1 1.69376E-1 1.70397E-1 2.27933E-1 2.38284E-1 3.08172E-1 1.44146E-1 6.52132E-3 1.24344E-2
1.65164E-2 1.64023E-2 2.35653E-2 1.92927E-2 2.42082E-2 2.78351E-2 3.49311E-2 3.96323E-2 5.60477E-2 6.00947E-2 1.00613E-1 1.07694E-1 1.44792E-1 1.78976E-1 2.15013E-1 2.70948E-1 5.75314E-1 5.75314E-1 5.75847E-1 2.95419E-1 3.40742E-1 3.82694E-1 3.85752E-1 3.66731E-1 7.20466E-1 6.39216E-1 7.11014E-1 7.29486E-1 7.9911E-1 7.8521E-1 7.48793E-1 7.78936E-1 8.22975E-1 8.44058E-1 8.59321E-1 8.81264E-1 4.33874E-1 8.32848E-1 8.89426E-1 8.63642E-1 8.88861E-1 5.3542E-1 6.25837E-1 6.6363E-1 5.68369E-1 6.05071E-1 6.23936E-1 6.90948E-1 4.66117E-1 4.41735E-1 5.65E-1 5.33986E-1 4.50396E-1 3.68124E-1 3.67987E-1 3.85076E-1 2.2717E-1 2.48213E-1 3.31033E-1 2.08792E-1 3.50161E-2 6.63402E-3 2.08353E-2
1.52412E-2 1.65138E-2 2.06844E-2 1.95008E-2 2.81387E-2 3.19016E-2 3.43029E-2 4.59118E-2 5.65784E-2 6.43723E-2 7.90042E-2 8.9221E-2 1.20149E-1 4.25144E-1 5.085E-1 5.45913E-1 5.75514E-1 5.75514E-1 6.26913E-1 6.53366E-1 6.53799E-1 3.62512E-1 3.64415E-1 3.88382E-1 6.38649E-1 6.85624E-1 7.10789E-1 7.63532E-1 7.21971E-1 7.34831E-1 7.28253E-1 7.79482E-1 8.28115E-1 8.35879E-1 8.52512E-1 8.63625E-1 7.73848E-1 8.89012E-1 8.49433E-1 8.83573E-1 4.34595E-1 5.8227E-1 5.84269E-1 5.62017E-1 4.86523E-1 5.67648E-1 6.73781E-1 7.30506E-1 2.19372E-1 6.942E-1 5.46538E-1 4.47054E-1 4.45602E-1 3.4515E-1 3.82575E-1 4.68409E-1 2.98071E-1 1.98317E-1 4.00861E-2 9.83037E-3 9.91916E-4 1.06018E-3 1.15654E-2
